R-2501E, BULLION MOUNTAINS EAST, 34.577777778,-115.91611111,34.55,-115.78416667,34.416666667,-115.78416667,34.416666667,-115.73416667,34.233333333,-115.73416667,34.233333333,-115.95083333,34.335833333,-115.985,34.458333333,-116.07111111,34.494444444,-115.97083333,34.566666667,-115.9675
R-2501N, BULLION MOUNTAINS NORTH, 34.5,-116.43972222,34.6,-116.4675,34.675,-116.49527778,34.716666667,-116.43972222,34.716666667,-116.28416667,34.6875,-116.07583333,34.683333333,-116.05083333,34.591666667,-115.9675,34.577777778,-115.91611111,34.566666667,-115.9675,34.494444444,-115.97083333,34.458333333,-116.07111111,34.470277778,-116.20638889,34.533333333,-116.29361111
R-2501S, BULLION MOUNTAINS SOUTH, 34.470277778,-116.20638889,34.458333333,-116.07111111,34.335833333,-115.985,34.233333333,-115.95083333,34.233333333,-116.28416667,34.325,-116.34138889,34.325,-116.26388889,34.415,-116.29861111
R-2501W, BULLION MOUNTAINS WEST, 34.5,-116.43972222,34.533333333,-116.29361111,34.470277778,-116.20638889,34.415,-116.29861111,34.325,-116.26388889,34.325,-116.34138889
R-2502A, FORT IRWIN, 35.43,-116.31333333,35.425,-116.16277778,35.3875,-116.16305556,35.115,-116.50472222,35.116666667,-116.5675,35.3125,-116.31333333
R-2502E, FORT IRWIN, 35.476388889,-116.31333333,35.3125,-116.31333333,35.116666667,-116.5675,35.116666667,-116.79666667,35.147222222,-116.81194444,35.173611111,-116.705
R-2502N, FORT IRWIN, 35.629166667,-116.49527778,35.575,-116.49527778,35.575,-116.3925,35.476388889,-116.31333333,35.173611111,-116.705,35.147222222,-116.81194444,35.166666667,-116.8175,35.316666667,-116.8175,35.316666667,-116.92305556,35.629166667,-116.92305556
R-2503A, CAMP PENDLETON, 33.378333333,-117.6125,33.453611111,-117.57138889,33.311388889,-117.39944444,33.291666667,-117.27861111,33.235833333,-117.44388889,33.235833333,-117.44388889,33.263611111,-117.46666667,33.278055556,-117.47861111,33.286944444,-117.48638889,33.296111111,-117.49527778,33.304722222,-117.50305556,33.313055556,-117.51138889,33.320277778,-117.51861111,33.327222222,-117.52805556,33.333333333,-117.53555556,33.338333333,-117.54333333,33.344166667,-117.55111111,33.35,-117.55833333,33.353055556,-117.56666667,33.357222222,-117.575,33.360555556,-117.57944444,33.363055556,-117.58305556,33.365277778,-117.58583333,33.366666667,-117.59027778,33.368055556,-117.59527778,33.368055556,-117.59861111,33.369444444,-117.60277778,33.371111111,-117.60555556,33.373888889,-117.60972222
R-2503B, CAMP PENDLETON, 33.406388889,-117.255,33.3,-117.26972222,33.291666667,-117.27861111,33.311388889,-117.39944444,33.453611111,-117.57138889,33.503611111,-117.48777778
R-2503C, CAMP PENDLETON, 33.406388889,-117.255,33.311388889,-117.39944444,33.453611111,-117.57138889,33.503611111,-117.48777778
R-2503D, CAMP PENDLETON, 33.378333333,-117.6125,33.453611111,-117.57138889,33.311388889,-117.39944444,33.291666667,-117.27861111,33.235833333,-117.44388889,33.235833333,-117.44388889,33.2603,-117.46328056,33.286108333,-117.48535556,33.310363889,-117.50681111,33.332438889,-117.53293056,33.350475,-117.556875,33.3654,-117.58610278,33.3654,-117.58610278
R-2504A, CAMP ROBERTS, 35.705,-120.79972222,35.705,-120.79,35.716111111,-120.76027778,35.777222222,-120.745,35.788333333,-120.74694444,35.798333333,-120.76472222,35.819444444,-120.76222222,35.85,-120.77472222,35.853055556,-120.79972222,35.813888889,-120.83388889,35.766666667,-120.83305556,35.734166667,-120.80333333,35.718888889,-120.81777778,35.712222222,-120.81444444
R-2504B, CAMP ROBERTS, 35.705,-120.79972222,35.705,-120.79,35.716111111,-120.76027778,35.777222222,-120.745,35.788333333,-120.74694444,35.798333333,-120.76472222,35.819444444,-120.76222222,35.85,-120.77472222,35.853055556,-120.79972222,35.813888889,-120.83388889,35.766666667,-120.83305556,35.734166667,-120.80333333,35.718888889,-120.81777778,35.712222222,-120.81444444
R-2505, CHINA LAKE, 36.233333333,-117.88416667,36.233333333,-117.4175,35.675,-117.4175,35.625,-117.5925,35.625,-117.7925,35.9,-117.88416667
R-2506, CHINA LAKE SOUTH, 35.625,-117.68972222,35.466666667,-117.68138889,35.466666667,-117.78416667,35.625,-117.7925
R-2507E, CHOCOLATE MOUNTAINS, 33.285,-115.07638889,33.240555556,-114.98333333,33.240555556,-114.94305556,33.1725,-114.94055556,33.145833333,-114.94527778
R-2507N, NORTH CHOCOLATE MOUNTAINS, 33.544444444,-115.56472222,33.525,-115.53416667,33.520833333,-115.44666667,33.483333333,-115.33416667,33.430555556,-115.2425,33.404166667,-115.28416667,33.383333333,-115.2425,33.233333333,-115.37583333,33.358333333,-115.54944444,33.394444444,-115.55638889,33.475,-115.70361111
R-2507S, SOUTH CHOCOLATE MOUNTAINS, 33.383333333,-115.2425,33.361111111,-115.20083333,33.380555556,-115.16694444,33.145833333,-114.94527778,33.016666667,-115.10083333,33.233333333,-115.37583333
R-2508, COMPLEX, 37.2,-117.33416667,35.566666667,-116.38416667,35.476388889,-116.31333333,35.3125,-116.31333333,35.116666667,-116.5675,35.116666667,-116.79666667,35.147222222,-116.81194444,35.108333333,-116.97861111,34.891666667,-117.19805556,34.838888889,-117.53416667,34.808333333,-117.53416667,34.8,-117.58416667,34.8,-118.0175,34.827777778,-118.09666667,34.858333333,-118.09666667,34.933333333,-118.35083333,35.25,-118.58416667,37.2,-118.58416667
R-2510A, EL CENTRO, 32.993055556,-115.72583333,32.926388889,-115.67166667,32.901111111,-115.67166667,32.901111111,-115.67166667,32.900581111,-115.68439611,32.898188611,-115.69684194,32.894260278,-115.70872667,32.888883611,-115.71978556,32.882178333,-115.72977222,32.874294167,-115.738465,32.865406389,-115.74567,32.855712778,-115.75122778,32.845429722,-115.75501472,32.834722222,-115.75638889,32.834722222,-115.9175,32.930555556,-115.9175,33.022222222,-116.03833333,33.109722222,-115.94805556,33.109722222,-115.85416667
R-2510B, EL CENTRO, 32.926388889,-115.67166667,32.930555556,-115.9175,33.022222222,-116.03833333,33.109722222,-115.94805556,33.109722222,-115.85416667,32.993055556,-115.72583333
R-2512, HOLTVILLE, 33.083333333,-115.2925,32.85,-115.0925,32.85,-115.28416667,32.966666667,-115.2925,33.083333333,-115.33416667
R-2513, HUNTER-LIGGETT, 36.061944444,-121.37833333,36.045833333,-121.29694444,35.988333333,-121.22611111,35.945833333,-121.16361111,35.922222222,-121.09694444,35.804722222,-121.1825,35.850555556,-121.27194444,35.850555556,-121.29,35.969444444,-121.39555556,35.969444444,-121.36222222,36.036666667,-121.41222222
R-2515, MUROC LAKE, 35.316666667,-116.8175,35.166666667,-116.8175,35.147222222,-116.81194444,35.108333333,-116.97861111,34.891666667,-117.19805556,34.838888889,-117.53416667,34.808333333,-117.53416667,34.8,-117.58416667,34.8,-118.0175,34.827777778,-118.09666667,35.016666667,-118.09666667,35.461111111,-117.43416667,35.265555556,-117.43416667,35.265555556,-116.92305556,35.316666667,-116.92305556
R-2516, VANDENBERG AFB, 34.9,-120.55111111,34.833333333,-120.53444444,34.766666667,-120.45111111,34.7,-120.50111111,34.643055556,-120.52333333,34.7,-120.57611111,34.7,-120.67277778,34.7,-120.67277778,34.705277778,-120.67416667,34.709166667,-120.67638889,34.711666667,-120.67777778,34.714444444,-120.67916667,34.716111111,-120.68055556,34.718333333,-120.68194444,34.720555556,-120.68444444,34.723055556,-120.68722222,34.725555556,-120.68916667,34.7275,-120.69,34.728611111,-120.69111111,34.731944444,-120.69305556,34.734166667,-120.69444444,34.738333333,-120.69583333,34.741944444,-120.69722222,34.745555556,-120.69861111,34.750555556,-120.70027778,34.754166667,-120.70055556,34.756944444,-120.7,34.760833333,-120.69944444,34.762777778,-120.69944444,34.764722222,-120.69972222,34.766666667,-120.69944444,34.770277778,-120.69888889,34.7725,-120.69833333,34.774722222,-120.69805556,34.778055556,-120.69666667,34.780833333,-120.69638889,34.785555556,-120.69555556,34.791944444,-120.69305556,34.796388889,-120.69194444,34.801944444,-120.69,34.806111111,-120.68916667,34.811666667,-120.6875,34.818333333,-120.68583333,34.822777778,-120.68444444,34.825,-120.68444444,34.827777778,-120.68472222,34.830833333,-120.68472222,34.832777778,-120.68527778,34.834444444,-120.68555556,34.835555556,-120.68611111,34.8375,-120.68694444,34.839166667,-120.68722222,34.840833333,-120.68861111,34.843611111,-120.69111111,34.845277778,-120.69361111,34.847777778,-120.69638889,34.849722222,-120.70055556,34.851388889,-120.705,34.854166667,-120.71027778,34.856111111,-120.71333333,34.858333333,-120.71638889,34.86,-120.71833333,34.861944444,-120.72055556,34.863888889,-120.7225,34.866666667,-120.725,34.868611111,-120.72555556,34.870555556,-120.72694444,34.874166667,-120.72861111,34.878055556,-120.73055556,34.881666667,-120.73194444,34.885277778,-120.73305556,34.889722222,-120.73416667,34.894166667,-120.735,34.9,-120.735,34.905,-120.73388889,34.908055556,-120.73416667,34.911944444,-120.73305556,34.916666667,-120.73222222,34.919722222,-120.73138889,34.925,-120.73166667,34.930555556,-120.73138889,34.934444444,-120.73222222
R-2517, VANDENBERG AFB, 34.7,-120.67277778,34.7,-120.57611111,34.643055556,-120.52333333,34.583333333,-120.53444444,34.416666667,-120.45111111,34.4,-120.50111111,34.4,-120.50111111,34.404722222,-120.50583333,34.408888889,-120.51111111,34.413055556,-120.515,34.415833333,-120.5175,34.418333333,-120.51972222,34.42,-120.52138889,34.423333333,-120.52361111,34.425833333,-120.52555556,34.427777778,-120.52666667,34.428888889,-120.52722222,34.430833333,-120.52888889,34.433333333,-120.53027778,34.436111111,-120.53111111,34.438888889,-120.5325,34.441111111,-120.53361111,34.443333333,-120.53472222,34.446111111,-120.53666667,34.449166667,-120.53694444,34.450833333,-120.5375,34.452777778,-120.53861111,34.455555556,-120.53972222,34.457777778,-120.54027778,34.460277778,-120.54222222,34.462222222,-120.54333333,34.465,-120.54527778,34.468055556,-120.54722222,34.471388889,-120.54972222,34.473888889,-120.55194444,34.476666667,-120.55444444,34.478611111,-120.555,34.481388889,-120.55638889,34.484444444,-120.55833333,34.487222222,-120.56,34.489444444,-120.56166667,34.491388889,-120.56472222,34.492222222,-120.56694444,34.493611111,-120.57138889,34.494722222,-120.57305556,34.495277778,-120.57527778,34.495277778,-120.57638889,34.495833333,-120.5775,34.496944444,-120.57944444,34.4975,-120.58083333,34.498055556,-120.58361111,34.499444444,-120.58666667,34.501944444,-120.59055556,34.503333333,-120.59222222,34.504444444,-120.59444444,34.505555556,-120.5975,34.505277778,-120.60277778,34.506111111,-120.60472222,34.505,-120.61333333,34.504722222,-120.61833333,34.505277778,-120.62555556,34.505833333,-120.63166667,34.506388889,-120.63638889,34.507777778,-120.64166667,34.509444444,-120.64583333,34.510555556,-120.64916667,34.511944444,-120.65277778,34.513611111,-120.65638889,34.515277778,-120.65916667,34.517222222,-120.66277778,34.519166667,-120.66472222,34.521666667,-120.66777778,34.525277778,-120.67166667,34.527222222,-120.67555556,34.530277778,-120.67805556,34.533333333,-120.68111111,34.535833333,-120.68388889,34.539166667,-120.68611111,34.540833333,-120.68861111,34.543055556,-120.69027778,34.546944444,-120.69361111,34.550277778,-120.69555556,34.553888889,-120.69888889,34.5575,-120.70138889,34.561111111,-120.70416667,34.566111111,-120.70666667,34.570555556,-120.70888889,34.575555556,-120.71111111,34.581111111,-120.71222222,34.584444444,-120.7125,34.588055556,-120.71277778,34.591666667,-120.71388889,34.595555556,-120.71361111,34.598888889,-120.71305556,34.601666667,-120.71333333,34.604166667,-120.71277778,34.607777778,-120.71138889,34.610277778,-120.71055556,34.613333333,-120.70916667,34.615555556,-120.70777778,34.616666667,-120.70722222,34.620555556,-120.70583333,34.624444444,-120.70361111,34.627777778,-120.70166667,34.630833333,-120.69972222,34.635277778,-120.69694444,34.639444444,-120.69444444,34.643888889,-120.69194444,34.648888889,-120.68888889,34.654444444,-120.68694444,34.658888889,-120.68444444,34.664444444,-120.6825,34.671388889,-120.68138889,34.676111111,-120.67916667,34.680277778,-120.67833333,34.685555556,-120.67555556,34.691388889,-120.67361111,34.696666667,-120.6725
R-2519, POINT MUGU, 34.120833333,-119.12861111,34.115277778,-119.10083333,34.070833333,-119.06194444,34.0375,-119.07305556,34.053611111,-119.14416667,34.062777778,-119.17166667,34.091666667,-119.2175,34.098611111,-119.18833333,34.118888889,-119.15972222
R-2524, TRONA, 35.796111111,-116.92305556,35.265555556,-116.92305556,35.265555556,-117.43416667,35.6,-117.43416667,35.6,-117.28194444,35.796111111,-117.28194444
R-2530, SIERRA ARMY DEPOT, 40.305833333,-120.08611111,40.305833333,-120.04861111,40.268333333,-120.04861111,40.268333333,-120.08611111
R-2531, TRACY, 37.676111111,-121.56277778,37.679166667,-121.52583333,37.657777778,-121.50888889,37.647222222,-121.51916667,37.650833333,-121.56861111
R-2534A, VANDENBERG AFB, 34.643055556,-120.52333333,34.595833333,-120.47055556,34.605555556,-120.45666667,34.5,-120.25944444,34.419444444,-120.25944444,34.423055556,-120.26694444,34.422222222,-120.26888889,34.421666667,-120.27138889,34.420833333,-120.27277778,34.420555556,-120.27336111,34.42,-120.27444444,34.42,-120.275,34.419444444,-120.27666667,34.417777778,-120.27888889,34.4175,-120.28119444,34.417777778,-120.28277778,34.418055556,-120.28416667,34.418611111,-120.28611111,34.418611111,-120.28694444,34.418888889,-120.28833333,34.418888889,-120.29,34.419166667,-120.29222222,34.419166667,-120.29416667,34.419444444,-120.29583333,34.419166667,-120.29833333,34.419166667,-120.30027778,34.419166667,-120.30222222,34.419166667,-120.30333333,34.418888889,-120.305,34.418611111,-120.30666667,34.417777778,-120.30805556,34.417222222,-120.30972222,34.416666667,-120.31166667,34.415833333,-120.31277778,34.414722222,-120.31583333,34.413611111,-120.31722222,34.413333333,-120.31888889,34.411111111,-120.32055556
R-2534B, VANDENBERG AFB, 34.643055556,-120.52333333,34.411111111,-120.32055556,34.416666667,-120.45111111,34.583333333,-120.53444444
R-2535A, SAN NICOLAS ISLAND, 33.336111111,-119.52027778,33.305,-119.44222222,33.169444444,-119.52027778,33.2,-119.5925,33.238888889,-119.62861111,33.277777778,-119.63694444,33.319444444,-119.62027778
R-2535B, SAN NICOLAS ISLAND, 33.305,-119.44222222,33.294444444,-119.41472222,33.230555556,-119.36472222,33.169444444,-119.40638889,33.169444444,-119.49527778,33.169444444,-119.52027778
R-4803, FALLON, 39.344444444,-118.80722222,39.344444444,-118.80722222,39.336591667,-118.80810639,39.328932778,-118.81047833,39.321656111,-118.81436333,39.314941111,-118.81966528,39.308952778,-118.82625361,39.303838611,-118.83396583,39.299724444,-118.84261222,39.296711111,-118.85197944,39.294873056,-118.86183778,39.294166667,-118.87194444,39.294650278,-118.88209667,39.296496667,-118.89199917,39.299523333,-118.90140861,39.303656111,-118.91009361,39.308793333,-118.91784056,39.314808333,-118.92445833,39.321553611,-118.92978444,39.328862778,-118.93368667,39.336556389,-118.93606917,39.344444444,-118.93666667,39.352294444,-118.93579028,39.359951389,-118.93342639,39.367226944,-118.92954806,39.373942222,-118.92425083,39.379931111,-118.91766444,39.385046389,-118.90995111,39.389162222,-118.90130083,39.392176389,-118.89192639,39.394015278,-118.88205917,39.394633056,-118.87194278,39.394014722,-118.86182611,39.392175556,-118.85195917,39.389160833,-118.842585,39.385045,-118.833935,39.379929167,-118.82622194,39.373939722,-118.81963611,39.367224444,-118.81433917,39.359948611,-118.81046167,39.352291667,-118.80809833
R-4804A, TWIN PEAKS, 39.285225,-118.27358889,39.285225,-118.27358889,39.285225,-118.27358889,39.285225,-118.27358889,39.2906775,-118.26228972,39.294840833,-118.2503275,39.297840556,-118.23780083,39.299631944,-118.22489667,39.300188056,-118.21180722,39.299500556,-118.19872833,39.297580278,-118.185855,39.294455,-118.17337917,39.290172222,-118.16148722,39.284795278,-118.15035583,39.278404444,-118.14015139,39.271095,-118.13102583,39.262976111,-118.12311444,39.254168611,-118.11653472,39.244803889,-118.11138444,39.235020833,-118.10773944,39.224965833,-118.10565361,39.214788056,-118.10515722,39.204638611,-118.10625694,39.194668889,-118.10893556,39.185026944,-118.11315278,39.175855833,-118.11884556,39.167291944,-118.12592833,39.159461944,-118.13429583,39.1524825,-118.14382361,39.146456667,-118.15436972,39.141474167,-118.16577778,39.137608889,-118.17787833,39.134918056,-118.19049194,39.132875833,-118.20333333,39.132444167,-118.21777528,39.133737222,-118.23211194,39.1365025,-118.24610139,39.140690556,-118.25949556,39.1462275,-118.2720575,39.153015,-118.28356417,39.160932778,-118.29381167,39.169840833,-118.3026175,39.179580833,-118.30982528,39.190327778,-118.31438056,39.193381667,-118.32345806,39.197617778,-118.33182611,39.202806389,-118.33925639,39.208823333,-118.34557139,39.215525278,-118.35062028,39.222752222,-118.3542825,39.230331667,-118.35646972,39.238082778,-118.35712972,39.245820278,-118.35624583,39.253359722,-118.35383889,39.260520278,-118.34996583,39.267131389,-118.34471889,39.273034722,-118.33822306,39.278088889,-118.33063361,39.282173333,-118.32213167,39.285190278,-118.31292083,39.287067222,-118.30322111,39.287759444,-118.29326472,39.287250556,-118.28329
R-4804B, TWIN PEAKS, 39.285225,-118.27358889,39.285225,-118.27358889,39.285225,-118.27358889,39.285225,-118.27358889,39.2906775,-118.26228972,39.294840833,-118.2503275,39.297840556,-118.23780083,39.299631944,-118.22489667,39.300188056,-118.21180722,39.299500556,-118.19872833,39.297580278,-118.185855,39.294455,-118.17337917,39.290172222,-118.16148722,39.284795278,-118.15035583,39.278404444,-118.14015139,39.271095,-118.13102583,39.262976111,-118.12311444,39.254168611,-118.11653472,39.244803889,-118.11138444,39.235209444,-118.10773944,39.224965833,-118.10565361,39.214788056,-118.10515722,39.204638611,-118.10625694,39.194668889,-118.10893556,39.185026944,-118.11315278,39.175855833,-118.11884556,39.167291944,-118.12592833,39.159461944,-118.13429583,39.1524825,-118.14382361,39.146456667,-118.15436972,39.141474167,-118.16577778,39.137608889,-118.17787833,39.134918056,-118.19049194,39.132875833,-118.20333333,39.132444167,-118.21777528,39.133737222,-118.23211194,39.1365025,-118.24610139,39.140690556,-118.25949556,39.1462275,-118.2720575,39.153015,-118.28356417,39.160932778,-118.29381167,39.169840833,-118.3026175,39.179580833,-118.30982528,39.190327778,-118.31438056,39.193381667,-118.32345806,39.197617778,-118.33182611,39.202806389,-118.33925639,39.208823333,-118.34557139,39.215525278,-118.35062028,39.222752222,-118.3542825,39.230331667,-118.35646972,39.238082778,-118.35712972,39.245820278,-118.35624583,39.253359722,-118.35383889,39.260520278,-118.34996583,39.267131389,-118.34471889,39.273034722,-118.33822306,39.278088889,-118.33063361,39.282173333,-118.32213167,39.285190278,-118.31292083,39.287067222,-118.30322111,39.287759444,-118.29326472,39.287250556,-118.28329
R-4806E, LAS VEGAS, 37.283333333,-115.30083333,37.283333333,-115.18444444,37.2,-115.1175,36.8,-115.11777778,36.633333333,-115.30083333
R-4806W, LAS VEGAS, 37.283333333,-115.30083333,36.433333333,-115.30083333,36.433333333,-115.38416667,36.583333333,-115.6175,36.583333333,-115.88416667,36.6,-115.93416667,37.1,-115.93416667,37.1,-115.58416667,37.283333333,-115.58416667
R-4807A, TONOPAH, 36.85,-116.55916667,37.441666667,-117.07583333,37.55,-117.09472222,37.883333333,-117.09472222,37.883333333,-116.9175,37.783333333,-116.9175,37.55,-116.7175,37.55,-116.43416667,37.883333333,-116.43416667,37.883333333,-116.18416667,37.7,-116.18416667,37.7,-115.88416667,37.55,-115.88416667,37.55,-115.80083333,37.466666667,-115.80083333,37.466666667,-116.00083333,37.266666667,-116.00083333,37.266666667,-116.18416667,37.333333333,-116.18416667,37.383333333,-116.28416667,37.383333333,-116.3675,37.35,-116.45083333,37.35,-116.5675,37.266666667,-116.5175,37.133333333,-116.45083333,36.916666667,-116.45083333,36.916666667,-116.55916667
R-4807B, TONOPAH, 37.266666667,-116.18416667,37.333333333,-116.18416667,37.383333333,-116.28416667,37.383333333,-116.3675,37.35,-116.45083333,37.35,-116.5675,37.266666667,-116.5175
R-4808N, LAS VEGAS, 36.683333333,-115.93416667,36.683333333,-116.24666667,36.766666667,-116.4425,36.85,-116.4425,36.85,-116.55916667,36.916666667,-116.55916667,36.916666667,-116.45083333,37.133333333,-116.45083333,37.266666667,-116.5175,37.266666667,-116.00083333,37.466666667,-116.00083333,37.466666667,-115.58416667,37.1,-115.58416667,37.1,-115.93416667
R-4808S, LAS VEGAS, 36.766666667,-116.4425,36.683333333,-116.24666667,36.683333333,-116.4425
R-4809, TONOPAH, 37.883333333,-116.43416667,37.55,-116.43416667,37.55,-116.7175,37.783333333,-116.9175,37.883333333,-116.9175
R-4810, DESERT MOUNTAINS, 39.202527778,-118.72269167,39.202527778,-118.72269167,39.202527778,-118.72269167,39.214570278,-118.71358167,39.225190278,-118.70217417,39.234191389,-118.68865861,39.241324722,-118.67340917,39.246392222,-118.65684778,39.249253611,-118.63943417,39.249829167,-118.62165083,39.248103056,-118.60399139,39.244123056,-118.58694528,39.238,-118.57098556,39.229903056,-118.55655444,39.220057222,-118.54405111,39.208735,-118.53382139,39.19625,-118.5261475,39.182948333,-118.52124056,39.1691975,-118.51923472,39.155378056,-118.52018361,39.141871944,-118.52405917,39.129051944,-118.53075333,39.1172725,-118.54007917,39.106858611,-118.55177833,39.098096944,-118.56552722,39.091229722,-118.58094639,39.086445833,-118.59760972,39.083877222,-118.61505861,39.083594444,-118.63281194,39.085605833,-118.65038056,39.089855278,-118.66728056,39.096226389,-118.68304611,39.104533333,-118.69754167,39.103895556,-118.70730472,39.104546667,-118.71704139,39.106335278,-118.72654056,39.109220278,-118.73558472,39.113135833,-118.74396667,39.117991944,-118.75149472,39.123677778,-118.75799611,39.130063056,-118.76332139,39.137001111,-118.76734861,39.144333333,-118.76998472,39.151891389,-118.77116917,39.159501944,-118.77087417,39.166990556,-118.76910611,39.174185278,-118.76590472,39.180921111,-118.76134361,39.187043333,-118.75552694,39.192411389,-118.74858806,39.196901667,-118.74068583,39.200411111,-118.73200167
R-4811, HAWTHORNE, 38.245828889,-118.60644806,38.245828889,-118.60644806,38.241900556,-118.60688167,38.238068889,-118.60804972,38.234428333,-118.60996306,38.231068889,-118.61257472,38.228072778,-118.61582056,38.225514167,-118.61962,38.223455556,-118.62387972,38.221948056,-118.62849528,38.221028333,-118.63335278,38.220687778,-118.63833333,38.220925,-118.64333361,38.221848333,-118.64821139,38.223362222,-118.65284611,38.225429167,-118.65712389,38.227998611,-118.66093944,38.231007222,-118.66419861,38.234380833,-118.66682139,38.238036389,-118.66874306,38.241883889,-118.66991583,38.245828889,-118.67021861,38.249757778,-118.66978861,38.253590278,-118.66862361,38.257231389,-118.6667125,38.260592222,-118.66410222,38.263589722,-118.66085694,38.266149722,-118.65705694,38.268209444,-118.65279528,38.269718056,-118.6481775,38.270638333,-118.64331667,38.2709475,-118.63833333,38.270638333,-118.63335,38.269718056,-118.62848917,38.268209444,-118.62387139,38.266149722,-118.61960972,38.263589722,-118.61580972,38.260592222,-118.61256444,38.257231389,-118.60995444,38.253590278,-118.60804333,38.249757778,-118.60687806
R-4812, SAND SPRINGS, 39.084166667,-118.60916667,39.084166667,-118.60916667,39.084166667,-118.60916667,39.084166667,-118.60916667,39.084166667,-118.60916667,39.087,-118.59280611,39.0920175,-118.57723778,39.098869722,-118.56286556,39.1073875,-118.55004278,39.1173625,-118.53908472,39.128549167,-118.53026139,39.140672778,-118.52379083,39.153435,-118.51983333,39.1665225,-118.51848778,39.1796125,-118.51978833,39.192382778,-118.52370472,39.204518889,-118.53014194,39.215721667,-118.53894222,39.225714444,-118.54988972,39.234250833,-118.562715,39.241120278,-118.57710222,39.246153056,-118.59269667,39.249224722,-118.60911306,39.250259444,-118.62594611,39.248888889,-118.64277778,39.298888889,-118.22944444,39.297633889,-118.23875472,39.2955175,-118.24788111,39.292781111,-118.25673,39.289446389,-118.26523167,39.285277778,-118.27333333,39.287691667,-118.29311222,39.28518,-118.31281972,39.278113611,-118.33059917,39.267166944,-118.34475333,39.253385278,-118.35393306,39.238083333,-118.35726556,39.22272,-118.35443667,39.208759722,-118.34572028,39.197531944,-118.33194889,39.190277778,-118.31444444,39.179380278,-118.30854944,39.169289722,-118.30089611,39.160133056,-118.29150361,39.152090556,-118.28055778,39.145320556,-118.26827472,39.139956667,-118.25489639,39.136104167,-118.24068639,39.133838889,-118.22592417,39.133205278,-118.21090056,39.134166667,-118.19583333
R-4813A, CARSON SINK, 39.85,-118.63444444,40.016666667,-118.25111111,40.016666667,-118.0175,39.966666667,-118.0175,39.633333333,-118.28416667,39.633333333,-118.28416667,39.629771944,-118.31151806,39.628667778,-118.33901444,39.629384722,-118.36653194,39.6319175,-118.39387028,39.6362475,-118.42083,39.642343611,-118.44721444,39.650160833,-118.47283083,39.659642222,-118.49749222,39.670718889,-118.52101806,39.683309722,-118.54323611,39.6973225,-118.56398306,39.712655278,-118.58310639,39.729195556,-118.60046528,39.746822222,-118.61593111,39.763888889,-118.63444444
R-4813B, CARSON SINK, 39.85,-118.63444444,40.016666667,-118.25111111,40.016666667,-118.0175,39.966666667,-118.0175,39.633333333,-118.28416667,39.633333333,-118.28416667,39.629771944,-118.31151806,39.628667778,-118.33901444,39.629384722,-118.36653194,39.6319175,-118.39387028,39.6362475,-118.42083,39.642343611,-118.44721444,39.650160833,-118.47283083,39.659642222,-118.49749222,39.670718889,-118.52101806,39.683309722,-118.54323611,39.6973225,-118.56398306,39.712655278,-118.58310639,39.729195556,-118.60046528,39.746822222,-118.61593111,39.763888889,-118.63444444
R-4816N, DIXIE VALLEY, 39.85,-118.00083333,39.85,-117.5175,39.566666667,-117.65916667,39.566666667,-118.20916667
R-4816S, DIXIE VALLEY, 39.283333333,-118.35083333,39.5,-118.25916667,39.566666667,-118.20916667,39.566666667,-117.65916667,39.566666667,-117.65916667,39.566111111,-117.68138889,39.561111111,-117.70194444,39.555277778,-117.72305556,39.548333333,-117.74416667,39.540277778,-117.76222222,39.528888889,-117.78527778,39.517222222,-117.80055556,39.506111111,-117.81388889,39.500833333,-117.81916667,39.499722222,-117.82305556,39.483333333,-117.82972222,39.478055556,-117.83805556,39.465277778,-117.84583333,39.445555556,-117.85777778,39.424444444,-117.86305556,39.406666667,-117.87027778,39.381944444,-117.88888889,39.36,-117.91,39.334722222,-117.9375,39.311666667,-117.97138889,39.301666667,-117.99666667,39.301666667,-118.04972222,39.303888889,-118.0825,39.300277778,-118.11444444,39.298055556,-118.15388889,39.298888889,-118.18083333,39.296944444,-118.22194444,39.2925,-118.26305556,39.289722222,-118.28638889,39.286388889,-118.32111111,39.283888889,-118.34194444,39.285277778,-118.34944444
