SKW6433,CRJ2,36.7772,-114.0942,36.6992,-114.1739,36.6047,-114.2667,36.5161,-114.3514,36.4297,-114.4361,36.3433,-114.5203,36.2569,-114.6069,36.1703,-114.6908,36.0856,-114.7747
EGF3096,E135,32.7500,-117.2333,32.7833,-117.2833,32.8167,-117.3667,32.8667,-117.4500,32.9167,-117.5167,33.0500,-117.6500,33.1000,-117.7167,33.1667,-117.7667,33.2500,-117.8000,33.3167,-117.8333,33.4000,-117.8667,33.4667,-117.9000,33.5500,-117.9333,33.6000,-117.9667,33.6667,-118.0000,33.7333,-118.0333
SWA338,B737,34.1000,-117.1167,34.0667,-117.2167,34.0333,-117.3333,34.0333,-117.4333,34.0333,-117.5333,34.0333,-117.6333,34.0167,-117.7333,34.0167,-117.8167,34.0000,-117.9000,34.0000,-117.9667,33.9833,-118.0500,33.9833,-118.1333
SKW4440,CRJ7,37.4644,-122.3917,37.3986,-122.3017,37.3331,-122.2117,37.2631,-122.1139,37.1908,-122.0164,37.1144,-121.9136,37.0361,-121.8061,36.9556,-121.6986,36.8725,-121.5889,36.7897,-121.4792,36.7047,-121.3647,36.6214,-121.2503
UAL912,B757,32.2942,-123.7875,32.3350,-123.6314,32.3719,-123.4697,32.4067,-123.3106,32.4392,-123.1458,32.4733,-122.9836,32.5094,-122.8239,32.5472,-122.6644,32.5789,-122.4992,32.6144,-122.3389
SIA12,A380,34.5697,-119.0678,34.4775,-118.9914,34.3875,-118.9128,34.2886,-118.8617,34.1911,-118.8258,34.0981,-118.7903,34.0347,-118.7256,34.0283,-118.6378,34.0181,-118.5297,34.0111,-118.4467,34.0167,-118.3500,34.0333,-118.2667,34.0333,-118.2000
ACA558,E190,36.5933,-119.8356,36.4875,-119.8861,36.3753,-119.9289,36.2603,-119.9047,36.0756,-119.8547,35.9617,-119.8264,35.8456,-119.7953,35.7422,-119.7703,35.6253,-119.7725
AAL427,MD82,33.8764,-113.9444,33.8911,-114.0742,33.9097,-114.1989,33.9264,-114.3314,33.9469,-114.4611,33.9633,-114.5908,33.9794,-114.7183
VRD114,A320,33.8075,-118.5111,33.7281,-118.5214,33.6686,-118.4622,33.6500,-118.3494,33.6433,-118.2419,33.6453,-118.1372,33.6433,-118.0000,33.6431,-117.8703
THA795,A340,34.7772,-120.1297,34.8550,-120.2372,34.9367,-120.3478,35.0144,-120.4556,35.1319,-120.6208,35.2117,-120.7322,35.2911,-120.8414,35.3725,-120.9533,35.4536,-121.0628,35.5308,-121.1725
SQC7895,B747,35.0053,-116.5169,35.1142,-116.3903,35.2000,-116.2839,35.3147,-116.1392,35.4169,-116.0042,35.5336,-115.8583,35.6397,-115.7200,35.7372,-115.6044,35.8514,-115.4525
VRD305,A320,32.8572,-117.2486,32.8183,-117.1692,32.7814,-117.1019,32.7483,-117.0397,32.7156,-116.9900,32.6900,-117.0244,32.7083,-117.0864,32.7206,-117.1358
ASA890,B737,32.0392,-121.4414,32.1036,-121.3006,32.1681,-121.1572,32.2344,-121.0161,32.2917,-120.8867,32.3578,-120.7428,32.4214,-120.6036,32.4847,-120.4617
SIA38,A340,37.9419,-125.1294,37.8953,-124.9689,37.8486,-124.8083,37.7994,-124.6481,37.7542,-124.4856,37.7047,-124.3258,37.6569,-124.1636,37.6069,-124.0067,37.5569,-123.8422,37.5086,-123.6808
SWA2143,B737,32.8436,-117.3744,32.9053,-117.4547,32.9753,-117.5522,33.0431,-117.6450,33.1128,-117.7406,33.1864,-117.8436,33.2706,-117.9347
BAW272,B777,34.4014,-114.9431,34.4981,-114.8181,34.5950,-114.6931,34.6936,-114.5675,34.7856,-114.4342,34.8650,-114.2883,34.9400,-114.1422,35.0167,-114.0008,35.0914,-113.8594
N537XJ,CL30,38.0144,-117.7364,37.9914,-117.8875,37.9764,-118.0383,37.9614,-118.1864,37.9458,-118.3344,37.9303,-118.4825,37.9125,-118.6306,37.8947,-118.7786,37.8786,-118.9317,37.8622,-119.0819,37.8439,-119.2325
SKW5345,E120,34.8694,-120.4858,34.9219,-120.5317,34.9828,-120.5808,35.0372,-120.6294,35.1742,-120.7525,35.2325,-120.8008,35.2911,-120.8514,35.3494,-120.9047,35.4078,-120.9558,35.4664,-121.0067
BAW286,B747,37.6833,-122.5167,37.7167,-122.5833,37.7833,-122.6000,37.8333,-122.5167,37.8500,-122.4000,37.8853,-122.2419,37.9389,-122.1164,38.0400,-122.0072,38.1181,-121.8894,38.1753,-121.7767,38.2450,-121.6400,38.3167,-121.5003,38.3881,-121.3578
JBU278,A320,37.8000,-122.3833,37.8667,-122.3500,37.9167,-122.2500,37.9578,-122.1061,37.9717,-121.9536,37.9853,-121.8008,38.0031,-121.6403,38.0206,-121.4533
WJA1785,B737,35.8894,-115.5700,35.8900,-115.6831,35.8925,-115.8239,35.8969,-115.9392,35.9636,-116.0494,36.0325,-116.1342,36.1264,-116.2369,36.2033,-116.3244,36.2867,-116.4228,36.3697,-116.5183
NKS858,A319,39.6222,-118.9411,39.7258,-119.0217,39.8272,-119.1000,39.9306,-119.1811,40.0317,-119.2600,40.1331,-119.3417,40.2447,-119.4286,40.4011,-119.5550,40.5017,-119.6350,40.6036,-119.7164,40.6939,-119.7786
SWA151,B737,38.9611,-119.1975,38.8742,-119.0956,38.7869,-118.9939,38.6889,-118.8769,38.6017,-118.7731,38.5119,-118.6722,38.4244,-118.5717,38.3389,-118.4686
UPS2903,MD11,33.8614,-121.3367,33.8200,-121.4692,33.7783,-121.6067,33.7411,-121.7414,33.6972,-121.8733,33.6533,-122.0078,33.6114,-122.1394
ASA652,B737,41.9539,-117.1525,41.8506,-117.0597,41.7467,-116.9672,41.6278,-116.8622,41.5247,-116.7722,41.4228,-116.6831,41.3025,-116.5767,41.1994,-116.4872,41.0786,-116.3825