1.6110616 2.059977 1.0612538 2.348129 -1.142112
0 1.356707 0 0.746521 0
2.279149 0.351543 0.568443 0.6258722 -4
1.196839 0 0 0.88105 4
0.306396 0 0 0 0
4.4381638 1.867625 1.558116 3.3207964 8.162468
0.9592718 1.763974 0.326434 0.728923 -2.96
1.614147 0.574779 0 0 5.2
1.126573 0.865775 0.697041 0.873042 -5.728
0 0 0 0 0
2.317507 2.5457068 0.9668434 2.9155768 5.3925974
1.589389 0.97758 2.517626 0.95824 -6.4
2.7764468 2.910223 2.929455 3.1627012 2.5533388
0 0 0 0 0
0 0 0 0 0
1.964604 2.341825 3.3075444 2.402277 3.515757
1.1959378 0 0.797878 1.301024 -4
1.1574224 0.785511 0.89645 2.584032 1.6
0.41019 0.806607 1.001721 0.226611 0
0.904484 1.3290388 0 1.7454658 -4
0.676261 0 0 0 0
1.9018936 0.625196 0 1.0341166 -4
1.8145446 0.531575 0 0.577593 0
3.357353 2.017462 2.375562 2.397578 4.96
0.63547 0.557559 0 2.685866 0.3584
0 0 0 1.46021 0
1.622849 2.824823 0 3.320648 6.688
2.553749 0.7349088 1.777074 1.408279 -1.6
3.3909058 3.271801 3.25108 3.639732 0.5312
0 0 0 0 0
0 0 0 0 0
2.7439278 2.3483502 0.5387256 2.46464 4.96
0 1.036774 0.374362 2.291503 -4.48
1.25431 1.36547 0 1.217329 0
0.329808 0 0.60154 1.763759 1.6
1.2163552 0.632123 0 0.361095 -5.92
0 0 0 2.881984 0
1.200811 0 0 1.702294 4
1.27898625 0 0 0.917789 0
0 0 0 3.502257 6.4
3.699807 2.0774738 2.5306074 1.989256 0.704
0 0 0 0 0
0 0.846929 0 2.280153 -4
1.6488 0 0 1.5616938 4
1.207561 1.832581 2.067261 1.3703758 -1.6576
0 0 0 0 0
0 0 0 0 0
1.277028 0.754487 2.0628 1.0990156 0
0.302163 1.232563 0 0.6914194 -4
0.376924 0 0 1.165426 -5.44
1.33357 0.8424772 1.874374 1.6562372 -4
0.7003042 0 0 2.388172 0
0 0 0 0 0
1.153553 0 0 0 0
0.410035 0.460524 0 1.364597 0
0.144753 0 0 0.563322 0
1.5766598 0 0.767993 0.899107 0
0 0 0 0 0
0 0 0 0 0
2.672598 0.578145 0 0.971985 7.84
0.839474 0.605247 1.408919 1.1308426 -4
0 0 0 0 0
0 0 0 0 0
1.834448 1.161346 0 1.574593 0
0.540649 0.643706 0 2.7080662 -4
0.38209 0 0 0.400837 -8.704
0 2.006227 0.617982 0 0
0 0 0.462615 1.5314314 0.16
0 0 0 0 0
0.371104 0.566785 0 0.915278 0
1.544296 0 0.475922 0.542934 0
1.3054376 0 0 1.8687048 4
0 0 0 0 0
0 0 0 0 0
0 0.339658 0 0.780899 0
0.427143 0 0 1.198918 0
0 0 0 0.779802 4
0 0 0 0 0
0 0 0 0 0
0.873521 1.346209 1.22408 2.5251274 8.3584
0 1.0689118 0 0 -5.2
0.23542 0.263649 0 0.2711718 -6.4
0.670774 0 0 1.284139 3.296
0 0.208491 0.434202 0 0
0 0 0 0 0
0.4969178 1.898825 0 0 4
0.194698 0 0 0.933441 0
3.065951 0 0 2.2797024 4
0 0 0 0 0
0 0 0 0 0
0 0 0 0 0
0 0 1.299524 0 7.84
0.042251 0 0 0.047168 0
0 0 0 0 0
0 0 0 0 0
1.963732 0.547528 0.505915 2.430823 0
0.449634 0.072552 0.151899 0.166064 0
0 0 0 0.397088 4
0.455693 1.021399 0.727253 2.039641 -4.96
1.057267 0.894643 0 0.318236 0
0 0 0 0 0
0.238482 0 0 0.242238 0
0 0.125708 0 0 0
0 0 0 0.695969 0
0 0 0 0 0
0 0 0 0 0
0 0 0 1.165466 0
0.3020244 0 0.3495 0.394662 0
0 0 0 0 0
0 0 0 0 0
0 0 0 0 0
0 3.0567646 0.546318 0.440759 2.88
0 0.3985 0.465626 0 0
0 0.499322 1.056747 0.329845 0
0.55038 0.585523 0 2.375486 -4
1.913154 0 0.568465 0 4
0 0 0 0 0
1.834107 0 0 0.225873 4
0 1.205502 0 0 0
0 0 0 1.61981 6.4
0 0 0 0 0
0 0 0 0 0
0 0 0 0 0
0.8579594 0 0 2.326553 0
0 0 0 0 0
0 0 0 0 0
0 0 0 0 0
1.132928 0 0 0.279688 -1.6
0 0 1.3951318 0 0
0.155797 0 0 0.2828642 -4
0 0 0.118902 1.355473 0
0.33509 0 0 0.9949648 0
0 0 0 0 0
0 0 0 0.168703 0
0 0 0 0 4
1.1051516 1.827352 1.2068144 0 6.4
0 0 0 0 0
0 0 0 0 0
0 0 0.042762 1.428684 0
0.278253 0.9458898 0 0.518108 0
0 0 0 0 0
0 0 0 0 0
0 0 0 0 0
0.7070964 0 0 0.7910652 0
0.292373 0.1427118 0 0.667021 2.464
0.298396 0.207638 0.230053 2.210715 5.863168
1.3585978 1.610674 1.8022528 2.547908 -1.1793668
0.3058606 1.7785874 0.210195 1.4390412 8.769483
0 0 0 0 0
1.322492 0 0 0.816872 0
0.1022512 0 0 0.729767 5.513595
1.1722676 1.4039318 0.874086 2.53663 1.152
0 0 0 0 0
0 0 0 0 0
-0.076979 0 0 2.484808 9.409024
2.640112 1.8108068 0.493715 1.155463 0.704
0 0 0 0 0
0 0 0 0 0
0 0 0 0 0
1.7821228 1.970992 1.5899258 3.395423 6.688
0 0 0 0 0
0 0 0 0 0
0 0 0 0 0
0 0 0 0 0
0 0 0 0 0
0 0 0 0 0
0 0 0 0 0
0 0 0 0 0
0 0 0 0 0
0 0 0 0 0
0 0 0 0 0
0 0 0 0 0
0 0 0 0 0
0 0 0 0 0
0 0 0 0 0
0 0 0 0 0
1.2672646 1.071745 1.9483996 1.761888 -8.9118206
0 0 0 1.585258 0
0 1.717175 0 1.3689295 0
0 0.344183 0 0 0
0 0 0 0 0
2.200669 2.3370598 3.2581374 2.1532612 -0.397165
0 1.193518 0.878348 0.36247 -4
0.645382 1.783289 0 1.206522 -1.6
0 0 0 0 0
0 0 0 0 0
2.0756392 3.6003582 1.119844 2.2805762 0.34816
1.4136858 0.641282 0 1.2812676 -4
0 0 0 0 0
0 0 0 0 0
0 0 0 0 0
2.97177 3.4775134 2.6291724 2.5356898 3.4972948
0 0.827138 0.729163 1.155249 0
0.491363 1.316797 0.382313 0.6642472 -6.4
0.687113 0.415684 1.382917 1.129748 -4
1.531667 1.182074 0 0.7746694 0
0 0 0 0 0
1.497009 0 1.310499 1.0038746 0
0 0 0.708059 0.525962 4.48
0.376892 1.203666 0 0.327523 0
0 0 0 0 0
0 0 0 0 0
0 0 0 1.790418 4
0.9088106 0 0 4.4468992 0
0 0 0 0 0
0 0 0 0 0
0 0 0 0 0
1.1443924 0.654715 1.367296 1.576023 4
0.308466 0.439493 0 1.464975 -4
1.475407 1.4000972 0.371147 1.18854 4
0.745852 2.410865 0.367368 0 0
0.435319 1.113843 0 0.600051 -4
0 0 0 0 0
0.828678 0.616273 0.624907 0.617903 4.288
0 0.3800368 0 0.45331 0
0.9312 2.046303 0 0 2.88
0 0 0 0 0
0 0 0 0 0
0 1.126884 0 0 4
1.47051 0 0 1.404645 0
0 0 0 0 0
0 0 0 0 0
0 0 0 0 0
2.310976 1.8356 1.317677 1.71175 5.44
0 0 0 0 -7.84
0.980343 0.561687 0 0 -1.6
0.365875 0.296439 0.281786 0.889653 -4
0.543175 0 0 0 0
0 0 0 0 0
0 0.668186 0 0.42653 -4
0.896315 0 0.490381 0.76135 0
0 1.124963 0 2.5956862 0
0 0 0 0 0
0 0 0 0 0
0 0 0 0 0
0.262555 1.868105 0 3.4925828 -4
0 0 0 0 0
0 0 0 0 0
0 0 0 0 0
1.3298212 0.532197 1.120597 2.075253 2.176
0 0.579178 0 0 0
1.11496 0 0 0.716742 0
0.364328 0.332274 0 1.00104 -2.2784
0.221336 0 0 0 -4
0 0 0 0 0
0 0 0 0 0
0.445829 0.472494 0 0 4
0 0 0 0.276644 0
0 0 0 0 0
0 0 0 0 0
1.238645 0 0 0 0
0 0 0 1.8279264 0
0 0 0 0 0
0 0 0 0 0
0 0 0 0 0
1.309339 1.826569 0 2.1973554 0
0 0.217517 0 1.400216 0
0.190367 0 0 0.208383 4
0 0 0 0.159804 0
0.362475 0 0 1.395471 4
0 0 0 0 0
0 0 0 0.444277 4
0 0 0.391353 0 0
1.155868 0.689936 0 0 0
0 0 0 0 0
0 0 0 0 0
0 0 0 0 0
0 0 0 1.038772 0
0 0 0 0 0
0 0 0 0 0
0 0 0 0 0
0 0.540353 0 0.374118 0
0 0 0 0.3474555 0
1.101008 0 0 0.351163 0
0.922304 0 0 0.743911 0
0 0 0.948081 1.442796 0
0 0 0 0 0
0.000107 0 1.64224 0.634595 0
0.051831 0 0 0.256604 4
0.307435 0 0 0.243128 0
0 0 0 0 0
0 0 0 0 0
0 0 0 0 4
0 0 0 0.476848 0
0 0 0 0 0
0 0 0 0 0
0 0 0 0 0
1.608615 0 0.4930828 1.8587872 4
0.568575 0 0 -0.008233 0
0.142129 0 0 0.920544 -4
0.597423 0.405154 0 2.460531 -6.4
0 0.571154 0.166499 0.340986 -6.4
0 0 0 0 0
0.252236 0.224089 0 0 -1.76
0 0 0 0.22783 0
0 0 0 0 0
0 0 0 0 0
0 0 0 0 0
0 0 0 0 0
0.173703 0.704117 0 1.141962 0
0 0 0 0 0
0 0 0 0 0
0 0 0 0 0
1.575481 0 1.137596 0 0
0.6446914 -0.3518318 0 0.371063 -7.264
0.3440792 0 0.620082 0.382552 -3.5377152
1.7894638 1.16218 1.3585996 1.432236 2.464
1.8217356 2.037826 1.326569 1.220926 -0.633332
0 0 0 0 0
0 0.511923 1.918201 1.777157 0
1.201873 0.546095 0.203346 1.531193 0
1.760464 1.072595 2.281143 2.3272 1.129728
0 0 0 0 0
0 0 0 0 0
0 0 0.550369 0 4
0.4332056 1.488 1.268492 0.971532 0.73984
0 0 0 0 0
0 0 0 0 0
0 0 0 0 0
2.535052 1.835719 1.7147014 2.995992 6.5728
0 0 0 0 0
0 0 0 0 0
0 0 0 0 0
0 0 0 0 0
0 0 0 0 0
0 0 0 0 0
0 0 0 0 0
0 0 0 0 0
0 0 0 0 0
0 0 0 0 0
0 0 0 0 0
0 0 0 0 0
0 0 0 0 0
0 0 0 0 0
0 0 0 0 0
0 0 0 0 0
0 0 0 0 0
0 0 0 0 0
0 0 0 0 0
0 0 0 0 0
0 0 0 0 0
0 0 0 0 0
0 0 0 0 0
0 0 0 0 0
0 0 0 0 0
0 0 0 0 0
0 0 0 0 0
0 0 0 0 0
0 0 0 0 0
0 0 0 0 0
0 0 0 0 0
0 0 0 0 0
1.349444 1.6085294 2.2719646 1.9372582 -1.68486
0 0.897272 0 1.243178 -4
0 0 0 0 0
0 0.299114 0 0 0
0 0 0 0 0
3.3813444 3.736588 2.6263972 4.585849 9.118721
0 0 0 1.925918 0
0 0 0 0 0
0 0 0 0 0
0 0 0 0 0
2.653876 2.353757 1.927198 4.0067322 7.552
0 0 2.305476 0 0
0 0 0 0 0
0 0 0 0 0
0 0 0 0 0
3.3231214 2.04029 5.2146454 4.6442514 9.858913
3.480105 0.330219 0 1.0069882 4
0 0 0 0.381742 0
0 0.559927 0 0.86597 4
0 0 0 0 -4
0 0 0 0 0
1.122286 1.215026 0 0.843996 4
2.055367 0.726982 0 0.099726 -4
0 0 0 0.476719 -4
0 0 0 0 0
0 0 0 0 0
2.533477 1.736954 0 2.093646 5.92
1.190651 0 0 1.568538 0
0 0 0 0 0
0 0 0 0 0
0 0 0 0 0
1.232832 0.372019 0 1.1538766 4
1.084418 0 1.058357 1.154078 0
0 0 0 0 -4
0.240726 0 0 0.280483 -6.4
0 1.445587 0 0.235904 6.4
0 0 0 0 0
1.592824 0 1.374182 1.199746 4
0 0 0 0 4
0.130412 0.373947 0 0.248212 1.6
0 0 0 0 0
0 0 0 0 0
0 1.244225 0 1.196525 0
0.551222 1.302863 0 0 0
0 0 0 0 0
0 0 0 0 0
0 0 0 0 0
0 1.323572 0 0.827662 0
0 1.131166 0 1.127541 0
0 0.333232 0 0 6.4
0 0 0 0 -6.4
0.342347 0 0 0 0
0 0 0 0 0
0 0 0 0 0
0 0 0 0 0
0 0 0 0.180952 0
0 0 0 0 0
0 0 0 0 0
0 0 0 0.197048 4
0 0 0 0.407128 0
0 0 0 0 0
0 0 0 0 0
0 0 0 0 0
1.063798 0 0 2.148305 7.84
0 0 0 0 0
0 0 0 0.7947516 -4
0.125402 0.271158 0 0 -4
0.113739 0.151246 0 0 0
0 0 0 0 0
0 0 0 0 0
0 0 0 0.496984 -1.6
0 0 0 0 0
0 0 0 0 0
0 0 0 0 0
0 0 0 0 0
1.484728 0 0 0 0
0 0 0 0 0
0 0 0 0 0
0 0 0 0 0
0 3.143793 0 0.850376 4
0 0 0 0 0
0.20676 0 0.308364 0 1.6
0 0 0 0 0
0 1.195833 1.11774 1.975593 -4
0 0 0 0 0
0 0 0 0 0
0 0 0.170848 0.336396 0
0.073225 0 0 0 -4
0 0 0 0 0
0 0 0 0 0
0 0 0 0 0
0 0 0 0 0
0 0 0 0 0
0 0 0 0 0
0 0 0 0 0
0 0 0 1.850732 0
1.1423124 0 0.908442 0.169528 -4
0 0 0 0.988394 -4
0 0.41264 0 0.079081 4
0.213986 0 1.985635 0.661192 -5.8
0 0 0 0 0
0 0 0 0 0
0 0 0 0 0
0 0 0.996981 0 0
0 0 0 0 0
0 0 0 0 0
0 2.28301 0 0 0
0 0 0 0 0
0 0 0 0 0
0 0 0 0 0
0 0 0 0 0
2.483026 0 0 1.235034 0
-0.2174666 0.995725 0.39883 -0.0491314 4
0.893432 0.502124 0.046503 0.433099 -4.671232
1.1621832 0.458906 0.314324 0.763403 -8.977715
0.761334 2.355906 0 1.189512 6.4
0 0 0 0 0
0 0 0 1.316547 -4
1.222985 0 0 2.409626 -0.16
1.589008 0.319862 0.340786 1.544341 0
0 0 0 0 0
0 0 0 0 0
0 0 0 0 4
2.2018612 1.052588 0.494706 1.021702 -4
0 0 0 0 0
0 0 0 0 0
0 0 0 0 0
2.5243074 0.31112 0.594287 1.236523 7.80544
0 0 0 0 0
0 0 0 0 0
0 0 0 0 0
0 0 0 0 0
0 0 0 0 0
0 0 0 0 0
0 0 0 0 0
0 0 0 0 0
0 0 0 0 0
0 0 0 0 0
0 0 0 0 0
0 0 0 0 0
0 0 0 0 0
0 0 0 0 0
0 0 0 0 0
2.124514 0 0 0 0
0 0 0 0 0
0 0 0 0 0
0 0 0 0 0
0 0 0 0 0
0 0 0 0 0
0 0 0 0 0
0 0 0 0 0
0 0 0 0 0
0 0 0 0 0
0 0 0 0 0
0 0 0 0 0
0 0 0 0 0
0 0 0 0 0
0 0 0 0 0
0 0 0 0 0
0 0 0 0 0
0 0 0 0 0
0 0 0 0 0
0 0 0 0 0
0 0 0 0 0
0 0 0 0 0
0 0 0 0 0
0 0 0 0 0
0 0 0 0 0
0 0 0 0 0
0 0 0 0 0
0 0 0 0 0
0 0 0 0 0
0 0 0 0 0
0 0 0 0 0
0 0 0 0 0
0.022476 0 0 0 0
1.1481234 1.170431 1.997991 1.9756188 3.943237
0.973031 0 0 0 -4
0 0 0 0.495488 -4
0.314098 1.55959 0.377818 0.760556 0
0 0 0 0 0
2.175213 1.213468 0.701787 2.180608 3.7407232
0.495289 0.471309 0 0 4
0 0 0 0 0
0 0 0 0 0
0 0 0 0 0
3.6342032 1.314371 2.429605 3.932823 8.1856
0 0 0 0.8015432 0
0 0 0 0 0
0 0 0 0 0
0 0 0 0 0
3.95676 2.046604 1.7442602 2.5943534 1.6
0.955409 1.987525 0 0 0
0.544184 0.618217 0 1.656344 0
0 0.466405 0.595937 0.204089 -4
0.32407 0 0 1.2210452 -4
0 0 0 0 0
2.91955 0.170421 1.191054 3.429564 0
1.619787 0.152322 0 0.698023 -6.4
0 0 1.28883 0 0
0 0 0 0 0
0 0 0 0 0
0 0.196436 0 1.2674642 4
0 0 2.289068 1.631631 4
0 0 0 0 0
0 0 0 0 0
0 0 0 0 0
0.285151 0.475297 0 3.673649 4
0 0 0 0 1.6
0 0 0 0 0
0.4725688 0 0 0.591715 0
0 1.144676 0 0.789754 4
0 0 0 0 0
0 0 0 0 0
0.3118174 0 0 0 4
0 0 0.670291 -0.083929 4
0 0 0 0 0
0 0 0 0 0
0 0 0 0.042479 0
0 0 0 0 0
0 0 0 0 0
0 0 0 0 0
0 0 0 0 0
1.563491 0 0 0 0
0 0.430171 0 -0.038067 0
0 0 0 0.033372 0
0 0 0 0 -4
0 0.29543 1.172947 0.6625704 0
0 0 0 0 0
0 0.274414 0 0 4
0 0 0 0 -4
0 0 1.808174 0.79533 0
0 0 0 0 0
0 0 0 0 0
0 0 0 0 0
0.3442 0 0 0 0
0 0 0 0 0
0 0 0 0 0
0 0 0 0 0
1.166338 1.2006 0 2.280255 4
0.028232 0 0 0 0
0 0 0 0.219111 -4
0 0 0 0.612185 -4
0.091111 0 0 0.062197 0
0 0 0 0 0
0 0 0 0 0
0 0 0 0 0
0 0.357656 0 0 0
0 0 0 0 0
0 0 0 0 0
0 0 0 0 0
1.12792 0 0 0 0
0 0 0 0 0
0 0 0 0 0
0 0 0 0 0
0 0 0 2.8081304 0
1.314121 0 0 0 0
0 0 0 0 0
0.306239 0 0 0 -4
0.441236 0 0 0.427418 0
0 0 0 0 0
0 0 0 0 0
0 0 0 0 0
0 0 0 0 4
0 0 0 0 0
0 0 0 0 0
0 0 0 1.601228 0
0 0 0 0 0
0 0 0 0 0
0 0 0 0 0
0 0 0 0 0
0.1238632 0 0 0 0
0 0 0.380726666666667 0.2342616 -4
0.3274076 0.548574 0 1.195816 0
0.437431 0.295624 0 0.347878 -4.96
1.5079842 0.295289 0 2.304537 -1.106944
0 0 0 0 0
0 1.305297 0 0 -4
0 0 0 0.30306 1.6
2.187245 1.495519 0.077685 0.775711 6.4
0 0 0 0 0
0 0 0 0 0
0 0 0 0 4
1.913216 1.920955 1.275033 2.5563184 6.4
0 0 0 0 0
0 0 0 0 0
0 0 0 0 0
2.0111214 0 1.289902 3.065591 0
0 0 0 0 0
0 0 0 0 0
0 0 0 0 0
0 0 0 0 0
0 0 0 0 0
0 0 0 0 0
0 0 0 0 0
0 0 0 0 0
0 0 0 0 0
0 0 0 0 0
0 0 0 0 0
0 0 0 0 0
0 0 0 0 0
0 0 0 0 0
0 0 0 0 0
0 0 0 0 0
0 0 0 0 0
0 0 0 0 0
0 0 0 0 0
0 0 0 0 0
0 0 0 0 0
0 0 0 0 0
0 0 0 0 0
0 0 0 0 0
0 0 0 0 0
0 0 0 0 0
0 0 0 0 0
0 0 0 0 0
0 0 0 0 0
0 0 0 0 0
0 0 0 0 0
1.198992 0 0 0 0
0 0 0 0 0
0 0 0 0 0
0 0 0 0 0
0 0 0 0 0
0 0 0 0 0
0 0 0 0 0
0 0 0 0 0
0 0 0 0 0
0 0 0 0 0
0 0 0 0 0
0 0 0 0 0
0 0 0 0 0
0 0 0 0 0
0 0 0 0 0
0 0 0 0 0
0 0 0 0 0
0 0 0 0 0
0 0 0 0 0
0 0 0 0 0
0 0 0 0 0
0 0 0 0 0
0 0 0 0 0
0 0 0 0 0
0 0 0 0 0
0 0 0 0 0
0 0 0 0 0
0 0 0 0 0
0 0 0 0 0
0 0 0 0 0
0 0 0 0 0
0 0 0 0 0
0 0 0 0 0
1.461751 1.279941 2.126271 1.119249 -9.3993474
0 0 0 0 0
0 0 0 0 0
0 0 0 0 0
0 0 0 0 0
3.7850396 3.433136 2.5824972 2.719327 -2.83241
0 0 0 1.002777 0
0 2.962571 0 1.934353 0
0 0 0 0 0
0 0 0 0 0
1.693189 2.287726 0.642864 3.436009 0.48
0 0 0 0 0
0 0 0 0 0
0 0 0 0 0
0 0 0 0 0
1.037018 1.66906 0.775636 0.856968 0
0 0 0 0 0
0 0 0 0 0
0.178195 0 0 2.069971 0
1.456681 0 0 0.452409 0
0 0 0 0 0
0 1.2 0 0 4
0.69625 0 0 0 0
0 0 0 0 0
0 0 0 0 0
0 0 0 0 0
0 0.068855 0 0.303329 -4
0 1.170569 0 0.065035 0
0 0 0 0 0
0 0 0 0 0
0 0 0 0 0
0 0 0 1.211491 0
0 0 0 0 0
0 0 0 0 -4
0 0 0 0 0
0.214907 0 0 0 0
0 0 0 0 0
0 0.789767 0.655913 0 0
0.412324 0 0 0.9144436 0
0 0.153926 0 0 0
0 0 0 0 0
0 0 0 0 0
0 0 0 0.63565 6.4
0 0 0 0.772698 0
0 0 0 0 0
0 0 0 0 0
0 0 0 0 0
2.4637424 0 1.069513 0 7.84
0 0 0 0.426342 0
0 0 0 0 0
0 0 0 0 0
0.282301 0 0 0 0
0 0 0 0 0
0 0 0 0 4
0 0 0 0 0
0 0 0 0 0
0 0 0 0 0
0 0 0 0 0
0 0.15347 0 0.032492 4
0.735679 0 0 0 0
0 0 0 0 0
0 0 0 0 0
0 0 0 0 0
0 0 0 0 4
0 0 0 0 0
0 0 0 1.407437 4
0 0 0 0 0
0 0 0 0 0
0 0 0 0 0
0 0 0 1.043629 -4
1.125605 0 0 0 0
0 0 0 0 0
0 0 0 0 0
0 0 0 0 0
0 0 0 0 0
0.308973 0.39945 0 0 0
0 0 0 0 0
0 0 0 0 0
0 0 0 0 0
2.6720826 0 0.679773 0.2495 4
0.2823426 0.267994 1.14492 0.492155 -0.48
0.6824148 0 0.983023 1.38096 2.5664
0.020132 0 2.205915 1.561432 1.179392
0.9976746 1.8143236 -0.087002 1.117396 0.29824
0 0 0 0 0
0 0 0 0 4
0.902015 0 0 0 4
0.422508 0 -0.003185 0.365181 -7.094112
0 0 0 0 0
0 0 0 0 0
0 0 0 0 0
1.757749 0.920889 0 1.171058 4
0 0 0 0 0
0 0 0 0 0
0 0 0 0 0
1.3593192 0.032042 1.306684 3.4108152 8.80768
0 0 0 0 0
0 0 0 0 0
0 0 0 0 0
0 0 0 0 0
0 0 0 0 0
0 0 0 0 0
0 0 0 0 0
0 0 0 0 0
0 0 0 0 0
0 0 0 0 0
0 0 0 0 4
0 0 0 0 0
0 0 0 0 0
0 0 0 0 0
0 0 0 0 0
2.200767 0 0 0 0
0 0 0 0 0
0 0 0 0 0
0 0 0 0 0
0 0 0 0 0
0 0 0 0 0
0 0 0 0 0
0 0 0 0 0
0 0 0 0 0
0 0 0 0 0
0 0 0 0 0
0 0 0 0 0
0 0 0 0 0
0 0 0 0 0
0 0 0 0 0
0 0 0 0 0
0 0 0 0 0
0 0 0 0 0
0 0 0 0 0
0 0 0 0 0
0 0 0 0 0
0 0 0 0 0
0 0 0 0 0
0 0 0 0 0
0 0 0 0 0
0 0 0 0 0
0 0 0 0 0
0 0 0 0 0
0 0 0 0 0
0 0 0 0 0
0 0 0 0 0
0 0 0 0 0
0 0 0 0 0
0 0 0 0 0
0 0 0 0 0
0 0 0 0 0
0 0 0 0 0
0 0 0 0 0
0 0 0 0 0
0 0 0 0 0
0 0 0 0 0
0 0 0 0 0
0 0 0 0 0
0 0 0 0 0
0 0 0 0 0
0 0 0 0 0
0 0 0 0 0
0 0 0 0 0
0 0 0 0 0
0 0 0 0 0
0 0 0 0 0
0 0 0 0 0
0 0 0 0 0
0 0 0 0 0
0 0 0 0 0
0 0 0 0 0
0 0 0 0 0
0 0 0 0 0
0 0 0 0 0
0 0 0 0 0
0 0 0 0 0
0 0 0 0 0
0 0 0 0 0
0 0 0 0 0
0 0 0 0 0
2.152021 1.066141 0.856031 2.2238214 6.575381
0 0 0 0 0
0 1.543843 0 0 0
0 0 0 0.2323312 0
0 0 0 0 0
1.3863902 0.4203054 3.000803 2.749417 -1.6
0 0 0 0 0
0 0 0 0 0
0 0 0 0 0
0 0 0 0 0
2.6508514 1.923783 0 2.688086 5.44
0 0 0 0.515902 0
0 0 0 0 0
0 0 0 0 0
0 0 0 0 0
4.046664 1.6950296 0.384746 3.1550906 9.1668274
0 0 0 0 0
0 0 0 0 0
0 0 0 0 0
1.252654 0 0.339018 0.200589 0
0 0 0 0 0
0.149286 0.157953 0 0.238356 0
0 0 0 0 4
0 0 0 0.095128 0
0 0 0 0 0
0 0 0 0 0
0.54709 0 0 0.918057 -4
0 1.446515 0 0.516787 4.48
0 0 0 0 0
0 0 0 0 0
0 0 0 0 0
2.5250498 0.495606 -0.247138 1.1983604 4
0 1.154495 0 2.010719 0
0 0 0 0 0
0 0 0 0 0
0 -0.080219 0.6606224 0 -4
0 0 0 0 0
0 0 0 0 0
0 0 0 0 -4
0 0 0 0.426168 0
0 0 0 0 0
0 0 0 0 0
0 0 0 0 0
0 -0.754615 0 1.36635 0
0 0 0 0 0
0 0 0 0 0
0 0 0 0 0
0 1.204955 1.170301 1.878726 7.84
0 0 0 0 0
0 0 0 0 0
0 0 0 1.141998 0
0.76218 2.603045 1.413385 0.61321 0
0 0 0 0 0
0 0 0 0 0
0 0 0 0 0
1.655361 0 0 0 0
0 0 0 0 0
0 0 0 0 0
0 0 0 0 0
0 0 0 0 0
0 0 0 0 0
0 0 0 0 0
0 0 0 0 0
1.166627 0.535134 0 1.6782646 6.496
-0.250776 0 0 0.115716 -2.88
0.200779 0 0.395709 0.421773 1.6
0.6181042 0.086894 0 1.06062 -3.5968
1.2924942 1.251799 -0.941777 1.974087 2.193664
0 0 0 0 0
1.223513 0 0 0 4
0 0 0 0.836503 0
1.0909344 0.026902 0 1.48312 4
0 0 0 0 0
0 0 0 0 0
0 1.726341 0 0 4
0 1.349042 0.277935 1.6337832 0
0 0 0 0 0
0 0 0 0 0
0 0 0 0 0
1.8885662 1.944959 0 3.184349 6.4
0 0 0 0 0
0 0 0 0 0
0 0 0 0 0
0 0 0 0 0
0 0 0 0 0
0 0 0 0 0
0 0 0 0 0
0 0 0 0 0
0 0 0 0 0
0 0 0 0 0
0 0 0 0 0
0 0 0 0 0
0 0 0 0 0
0 0 0 0 0
0 0 0 0 0
0.929635 0 0 0 -4
0 0 0 0 0
0 0 0 0 0
0 0 0 0 0
0 0 0 0 0
0 0 0 0 0
0 0 0 0 0
0 0 0 0 0
0 0 0 0 0
0 0 0 0 0
0 0 0 0 0
0 0 0 0 0
0 0 0 0 0
0 0 0 0 0
0 0 0 0 0
0 0 0 0 0
0 0 0 0 0
0 0 0 0 0
0 0 0 0 0
0 0 0 0 0
0 0 0 0 0
0 0 0 0 0
0 0 0 0 0
0 0 0 0 0
0 0 0 0 0
0 0 0 0 0
0 0 0 0 0
0 0 0 0 0
0 0 0 0 0
0 0 0 0 0
0 0 0 0 0
0 0 0 0 0
0.6555302 0 0 0 0
0 0 0 0 0
0 0 0 0 0
0 0 0 0 0
0 0 0 0 0
0 0 0 0 0
0 0 0 0 0
0 0 0 0 0
0 0 0 0 0
0 0 0 0 0
0 0 0 0 0
0 0 0 0 0
0 0 0 0 0
0 0 0 0 0
0 0 0 0 0
0 0 0 0 0
0 0 0 0 0
0 0 0 0 0
0 0 0 0 0
0 0 0 0 0
0 0 0 0 0
0 0 0 0 0
0 0 0 0 0
0 0 0 0 0
0 0 0 0 0
0 0 0 0 0
0 0 0 0 0
0 0 0 0 0
0 0 0 0 0
0 0 0 0 0
0 0 0 0 0
0 0 0 0 0
0 0 0 0 0
0 0 0 0 0
0 0 0 0 0
0 0 0 0 0
0 0 0 0 0
0 0 0 0 0
0 0 0 0 0
0 0 0 0 0
0 0 0 0 0
0 0 0 0 0
0 0 0 0 0
0 0 0 0 0
0 0 0 0 0
0 0 0 0 0
0 0 0 0 0
0 0 0 0 0
0 0 0 0 0
0.4510446 0.668968 1.114573 2.42888 -2.400388
0 0 0.121619 0 0
0 0 0 0 0
0 0 0 0 -4
0 0 0 0 0
2.2984164 1.299666 0.20032 1.249625 1.9968
0 0 0 0 0
0 0.368439 0 0 0
0 0 0 0 0
0 0 0 0 0
1.556209 1.958419 0.16369 1.487775 6.4
0 0 0 0 0
0 0 0 0 0
0 0 0 0 0
0 0 0 0 0
3.843258 2.56585666666667 0.322321 3.925885 9.222401
0 0 0 0 0
0 0.201094 0 0 0
0 0 0 0.361848 0
0.7975974 0.91099 0.55297 1.3414142 -1.76
0 0 0 0 0
0 0 0 0 0
0 0 0 0 0
1.167988 0 0.557116 1.211717 0
0 0 0 0 0
0 0 0 0 0
0 0 0 0 0
2.120368 0 0 1.644886 4
0 0 0 0 0
0 0 0 0 0
0 0 0 0 0
0 0.92178 1.829566 2.257594 4
0 0 0 0 0
0 0 0 0 -6.4
0 0 0 0 0
1.826979 2.645439 -0.097177 0.9996074 -1.44768
0 0 0 0 0
0 0 -0.787611 0 0
0 1.752026 0 0 4
0 1.680225 0 0 6.4
0 0 0 0 0
0 0 0 0 0
0 0 0 0 0
0 0 0 0 0
0 0 0 0 0
0 0 0 0 0
0 0 0 0 0
0.56235975 0.616576 1.276634 1.3214454 0
0 0.181539 0 0 0
0 0 0 1.967103 4
0 0 0 0 -0.336
1.2967172 2.568523 0.221571 1.626449 0.64
0 0 0 0 0
0 0 0 0 0
0 0 0 0 4
1.198315 3.103299 1.463358 2.058868 4.9024
0 0 0 0 0
0 0 0 0 0
0 0 0 0 0
1.9821244 0 0.357155 1.526392 6.4
0 0 0 0 0
0 0 0 0 0
0 0 0 0 0
2.838311 0 0 2.220539 8.13952
0 0 0 0 0
0 0 0 0 0
0 0 0 0 0
0 0 0 0 0
0 0 0 0 0
0 0 0 0 0
0 0 0 0 0
0 0 0 0 0
0 0 0 0 0
0 0 0 0 0
0 0 0 0 0
0 0 0 0 0
0 0 0 0 0
0 0 0 0 0
0 0 0 0 0
0.621519 0 0 0 0
0 0 0 0 0
0 0 0 0 0
0 0 0 0 0
0 0 0 0 0
0 0 0 0 0
0 0 0 0 0
0 0 0 0 0
0 0 0 0 0
0 0 0 0 0
0 0 0 0 0
0 0 0 0 0
0 0 0 0 0
0 0 0 0 0
0 0 0 0 0
0 0 0 0 0
0.034218 0 0 0 0
0 0 0 0 0
0 0 0 0 0
0 0 0 0 0
0 0 0 0 0
0 0 0 0 0
0 0 0 0 0
0 0 0 0 0
0 0 0 0 0
0 0 0 0 0
0 0 0 0 0
0 0 0 0 0
0 0 0 0 0
0 0 0 0 0
0 0 0 0 0
0 0 0 0 0
1.5591134 0 0 0 0
0 0 0 0 0
0 0 0 0 0
0 0 0 0 0
0 0 0 0 0
0 0 0 0 0
0 0 0 0 0
0 0 0 0 0
0 0 0 0 0
0 0 0 0 0
0 0 0 0 0
0 0 0 0 0
0 0 0 0 0
0 0 0 0 0
0 0 0 0 0
0 0 0 0 0
0 0 0.038957 0.010644 -4
0 0 0 0 0
0 0 0 0 0
0 0 0 0 0
0 0 0 0 0
0 0 0 0 0
0 0 0 0 0
0 0 0 0 0
0 0 0 0 0
0 0 0 0 0
0 0 0 0 0
0 0 0 0 0
0 0 0 0 0
0 0 0 0 0
0 0 0 0 0
0 0 0 0 0
-0.014794 0.067431 0 0.002273 0
0 0 0 0 0
0 0 0 0 0
0 0 0 0 0
0 0 0 0 0
0 0 0 0 0
0 0 0 0 0
0 0 0 0 0
0 0 0 0 0
0 0 0 0 0
0 0 0 0 0
0 0 0 0 0
0 0 0 0 0
0 0 0 0 0
0 0 0 0 0
0 0 0 0 0
0 0 0 0 0
0 0 0 0.906586 0
0 0 0 0 0
0 0 0 0 0
0 0 0 0 0
0 0 0 0 0
0 0 0 0 0
0 0 0 0 0
0 0 0 0 0
0 0 0 0 0
0 0 0 0 0
0 0 0 0 0
0 0 0 0 0
0 0 0 0 0
0 0 0 0 0
0 0 0 0 0
0 0 0 0 0
1.511968 0.288831 0.764321 0.784947 -5.181184
0.162527 0 0 0 0
0 0 0 0 0
0 0 0 0 0
0 0 0 0 0
0.161829 0.805277 0.856863 0.4804658 -1.6
0 0 0 0 0
0 0 0 0 0
0 0 0 0 0
0 0 0 0 0
0.254337 1.817223 1.831282 1.396344 6.4
0 0 0 1.575982 0
0 0 0 0 0
0 0 0 0 0
0 0 0 0 0
2.9192728 2.159055 2.3015996 1.2519694 9.222401
0 0 0 0 0
0 0 0 0 0
0 0 0 0 0
0.384162 0.680233 0 0.314066 0
0 0 0 0 0
0 0 0 0 0
0 1.471366 0 0 0
0 3.312423 0 0 0
0 0 0 0 0
0 0 0 0 0
1.527538 0 0 0 4
0 0.889711 0 0 0
0 0 0 0 0
0 0 0 0 0
0 0 0 0 0
1.159749 1.2 0 3.698174 4
1.0560912 0 0 0.3868658 0
0 0 0 0.037606 4
-0.092222 0.637792 0 0.4613572 -6.4
0.547007 -0.1579264 0.325788 0.861065 -7.019224
0 0 0 0 0
0.754272 0 0.346847 0 0
0 0 0 0.489255 0
1.875352 1.56 0.600843 2.7143776 6.030976
0 0 0 0 0
0 0 0 0 0
0 0 0 0 0
1.3869654 -0.155367 2.121703 1.069552 0
0 0 0 0 0
0 0 0 0 0
0 0 0 0 0
0.930601 0 0 1.338068 4
0 0 0 0 0
0 0 0 0 0
0 0 0 0 0
0 0 0 0 0
0 0 0 0 0
0 0 0 0 0
0 0 0 0 0
0 0 0 0 0
0 0 0 0 0
0 0 0 0 0
0 0 0 0 0
0 0 0 0 0
0 0 0 0 0
0 0 0 0 0
0 0 0 0 0
0 0 0 0 0
0 0 0 0 0
0 0 0 0 0
0 0 0 0 0
0 0 0 0 0
0 0 0 0 0
0 0 0 0 0
0 0 0 0 0
0 0 0 0 0
0 0 0 0 0
0 0 0 0 0
0 0 0 0 0
0 0 0 0 0
0 0 0 0 0
0 0 0 0 0
0 0 0 0 0
0.027244 0 0 0 0
0 0 0 0 0
0 0 0 0 0
0 0 0 0 0
0 0 0 0 0
0 0 0 0 0
0 0 0 0 0
0 0 0 0 0
0 0 0 0 0
0 0 0 0 0
0 0 0 0 0
0 0 0 0 0
0 0 0 0 0
0 0 0 0 0
0 0 0 0 0
0 0 0 0 0
0 0 0 0 0
0 0 0 0 0
0 0 0 0 0
0 0 0 0 0
0 0 0 0 0
0 0 0 0 0
0 0 0 0 0
0 0 0 0 0
0 0 0 0 0
0 0 0 0 0
0 0 0 0 0
0 0 0 0 0
0 0 0 0 0
0 0 0 0 0
0 0 0 0 0
0 0 0 0 0
0 -0.052657 0 0 0
0 0 0 0 0
0 0 0 0 0
0 0 0 0 0
0 0 0 0 0
0 0 0 0 0
0 0 0 0 0
0 0 0 0 0
0 0 0 0 0
0 0 0 0 0
0 0 0 0 0
0 0 0 0 0
0 0 0 0 0
0 0 0 0 0
0 0 0 0 0
0 0 0 0 0
0 0 0 0 0
0 0 0 0 0
0 0 0 0 0
0 0 0 0 0
0 0 0 0 0
0 0 0 0 0
0 0 0 0 0
0 0 0 0 0
0 0 0 0 0
0 0 0 0 0
0 0 0 0 0
0 0 0 0 0
0 0 0 0 0
0 0 0 0 0
0 0 0 0 0
0 0 0 0 0
0 0 0 0 0
0 0 0 0 0
0 0 0 0 0
0 0 0 0 0
0 0 0 0 0
0 0 0 0 0
0 0 0 0 0
0 0 0 0 0
0 0 0 0 0
0 0 0 0 0
0 0 0 0 0
0 0 0 0 0
0 0 0 0 0
0 0 0 0 0
0 0 0 0 0
0 0 0 0 0
0 0 0 0 0
0 0 0 0 0
0 0 0 0 0
0 0 0 0 0
0 0 0 0 0
0 0 0 0 0
0 0 0 0 0
0 0 0 0 0
0 0 0 0 0
0 0 0 0 0
0 0 0 0 0
0 0 0 0 0
0 0 0 0 0
0 0 0 0 0
0 0 0 0 0
0 0 0 0 0
0 0 0 0 0
0.4376584 0.838467 1.259416 0.463803 3.266559
0 0 0 0 0
0 0 0 0 0
0 0 0 0.690925 4
0 0 0 0 0
0.516759 0 0.9412394 0 -4
0 0 0 0 0
0 0 0 0 0
0 0 0 0 0
0 0 0 0 0
0.896171 0 0.911377 0.8967484 0
0 0 1.395886 0 0
0 0 0 0 0
0 0 0 0 0
0 0 0 0 0
2.39389 0.92163 1.9896102 1.010589 -4
1.2902492 0 0 1.575648 -1.6
0 0 0 0.811745 0
0.9550286 0.43497 0.168422 0.7048936 0
0.605523 0 2.032022 1.0121768 -0.64
0 0 0 0 0
0 0.082219 0.151651 0.330741 0
0.084044 0 0 0 -4
0.532243 0 0 0.619742 1.6
0 0 0 0 0
0 0 0 0 0
1.493164 0 0 1.824196 4.48
1.242775 0 0 0 0
0 0 0 0 0
0 0 0 0 0
0 0 0 0 0
2.114155 2.968457 0.903523 1.125912 -5.92
0 0 0 0 0
0 0 0 0 0
0 0 0 0 0
0 0 0 0 0
0 0 0 0 0
0 0 0 0 0
0 0 0 0 0
0 0 0 0 0
0 0 0 0 0
0 0 0 0 0
0 0 0 0 0
0 0 0 0 0
0 0 0 0 0
0 0 0 0 0
0 0 0 0 0
0.096927 0.053568 0 0.189391 0
0 0 0 0 0
0 0 0 0 0
0 0 0 0 0
0 0 0 0 0
0 0 0 0 0
0 0 0 0 0
0 0 0 0 0
0 0 0 0 0
0 0 0 0 0
0 0 0 0 0
0 0 0 0 0
0 0 0 -0.713838 0
0 0 0 0 0
0 0 0 0 0
0 0 0 0 0
0.229912 0.177643 0 0 -4
0 0 0 0 0
0 0 0 0 0
0 0 0 0 0
0 0 0 0 0
0 0 0 0 0
0 0 0 0 0
0 0 0 0 0
0 0 0 0 0
0 0 0 0 0
0 0 0 0 0
0 0 0 0 0
0 0 0 0 0
0 0 0 0 0
0 0 0 0 0
0 0 0 0 0
0.097494 0.009503 0 0.025865 0
0 0 0 0 0
0 0 0 0 0
0 0 0 0 0
0 0 0 0 0
0 0 0 0 0
0 0 0 0 0
2.518248 0 0 0 0
0 0 0 0 0
0 0 0 0 0
0 0 0 0 0
0 0 0 0 0
0 0 0 0 0
0 0 0 0 0
0 0 0 0 0
0 0 0 0 0
0.051972 0 0 0 -4
0 0 0 0 0
0 0 0 0 0
0 0 0 0 0
0 0 0 0 0
0 0 0 0 0
0 0 0 0 0
0 0 0 0 0
0 0 0 0 0
0 0 0 0 0
0 0 0 0 0
0 0 0 0 0
0.020851 0 0 0.031678 0
0 0 0 0 0
0 0 0 0 0
0 0 0 0 0
0 0 0 0 0
0 0 0 0 0
0 0 0 0 0
0 0 0 0 0
0 0 0 0 0
0 0 0 0 0
0 0 0 0 0
0 0 0 0 0
0 0 0 0 0
0 0 0 0 0
0 0 0 0 0
0 0 0 0 0
0 0 0 0 0
0 0 0 0 0
0 0 0 0 0
0 0 0 0 0
0 0.126224 0 0 0
0 0 0 0 0
0 0 0 0 0
0 0 0 0 0
0 0 0 0 0
0 0 0 0 0
0 0 0 0 0
0 0 0 0 0
0 0 0 0 0
0 0 0 0 0
0 0 0 0 0
0 0 0 0 0
0 0 0 0 0
0 0 0 0 0
0 0 0 0 0
0 0 0 0 0
0 0 0 0 0
1.306462 0 0 0 0
0 0 0 0 0
0 0 0 0.45924 0
0 0 0 0 0
0 0 0 0 0
0 0 0 0 0
0 0 0 0 0
0 0 0 0 0
0 0 0 0 0
0 0 0 0 0
0 0 0 0 0
0 0 0 0 0
0 0 0 0 0
0 0 0 0 0
0 0 0 0 0
0 0 0 0 0
0.533818 0 0 0 0
0 0 0 0 0
0 0 0 0 0
0 0 0 0 0
0 0 0 0 0
0 0 0 0 0
0 0 0 0 0
0 0 0 0 0
0 0 0 0 0
0 0 0 0 0
0 0 0 0 0
0 0 0 0 0
0 0 0 0 0
0 0 0 0 0
0 0 0 0 0
0 0 0 0 0
0.563868 2.1454638 0.6371382 0.2722996 -4.6762316
0.4188092 0 1.845494 -0.286445 4
1.266742 0 -0.486062 0.9927932 0
2.341856 1.578454 -0.152484 2.035644 0.704
0 0 0 0 0
1.0013142 2.311968 0.153974 2.622208 7.187891
0.285229 0 1.537516 1.492195 -4
1.707792 1.564884 0.086265 1.711625 4
0 0 0 0 0
0 0 0 0 0
0.88234 1.28994 1.52095 0.9536728 -4.96
2.238461 0.651817 1.49252 1.040169 8.704
0 0 0 0 0
0 0 0 0 0
0 0 0 0 0
0.174511 3.817509 2.875488 1.7165746 1.2624248
