1.18675975 1.1444055 2.415075 1.108798 -5.094003
1.6426835 2.427817 0.210405 1.53196 4
0.313458 0.141929 0 0.372183 0
0.244642 0 0 0.464939 -6.4
0.334113 0 0 0.508354 0
2.70052 2.560836 2.738455 2.26861275 0.556575
1.4696935 0.189165 0.899646 1.112408 -4
0.5685745 0.58399775 0.560143 1.068701 -7.48
2.086071 1.701893 1.196356 2.855956 -0.1856
0 0 0.888306 0 0
2.849362 2.577998 3.221815 2.732864 3.404232
2.363477 1.659212 0.621943 2.1043145 5.4304
1.07608375 1.180404 1.357859 1.098347 -5.157417
0 0 0 0 0
0.513204 0 1.411754 1.161148 0
2.604791 2.701743 2.79162675 3.026175 5.152192
0.336464 0.938625 0 0.386331 0
0.437063 0.503865 0 0.748702 0
1.42927225 0.383783 0.342638 1.33317325 -4
1.969071 0.666027 0.201888 0.3978665 -4
0 0 0 0 0
0.72993 2.005843 0.504145 1.585392 -1.6
0.880478 1.61182 1.881501 2.044536 5.3632
1.063253 0.803788 0 1.432938 -1.312
1.38705 0.543172 0.485543 0.871913 -1.6
0 0 0 0 0
1.334519 2.40422675 1.77354 0.861251 -1.2
0.915447 2.685063 0.778122 1.824168 -0.016
3.779834 2.668283 1.561057 2.8550855 7.730791
0 0 0 0 0
0 0 0 0 0
2.002928 2.269873 2.62725675 3.334081 -1.6
0.404637 0 1.076586 1.2385515 -4
0.879278 0.410685 0 1.545212 0
1.171741 0.138458 0.550891 0.505364 -3.8
0.757041 0.2934825 0 0.2033395 -7.48
0 0.757652 0.773084 0 0
0.953453 1.931859 0 0 4
0.562261 0.306882 0 0 -2.6
0.905143 2.536139 0 0.791248 -4
1.685079 0.245977 0 1.228007 4
0 0 0 0 0
1.2132 1.39931 0 1.7473405 -4
0 0.993685 0.484653 0.690395 -1.6
1.9008 1.48985 2.094748 3.49731 -2.6
0 0 0 0 0
0 0 0 0 0
2.897727 2.9315885 1.020941 2.889656 6.976
0 0.545937 0.983619 0 0
0.870787 0.48386075 0 0.281608 0
0.23268 0 0.142785 0 0
0.10749725 0.40674 0.16078 0.07752 0
0 0 0 0 0
0 0.298705 0 1.131366 0
0 0 0 0.426657 -4
0.564506 0.641645 0.193348 2.058133 0
0 0 0 0 6.4
0 0 0 0 0
0 0.35563 0 0 0
0.110007 0 0 1.181373 0
2.994296 1.880214 3.307595 4.670756 9.294977
0 0 0 0 0
0.289238 0.294836 0 0.808729 0
2.109258 1.100921 0.774925 1.665591 4
0 0 0 0.343424 -4.6
0.37576 0 3.181977 2.648511 -4
0 0 0 0.700723 -4
0.170466 0.60392925 0.375023 0.142121 1.6
0 0 0 0 0
0 0 0 0 0
0.678509 0 0 0.52452 0
0 0 0.222849 0.268651 0
0 0 0 0 0
0 0 0 0 0
0 0 0 0 0
0 0 0 1.0357125 0
0.583833 0.003463 -0.001831 0.010951 1.6
0 0 0 0 0
0 0 0 0 0
0.66218 2.162615 3.013312 2.32251475 4
0 0.786397 0.863102 0.250058 -4
0 1.09093 0 0.6327865 -4
0 0 0 0.7274565 -4
-0.020635 0 0 0.014078 -4
0 0 0 0 0
0 0 0 0 4
0.987227 0 0 2.00892 4
0.351196 0.449172 0 1.076608 2.6
0 0 0 0 4
0 0 0 0 0
0 0 0 0 0
0.481982 0 0.4242975 0.729822 4
-0.079416 0.325071 0 0.93158 0
0 0 0 0 0
0 0 0 0 0
2.12915 0 0 1.109598 -0.16
0.349827 0 0.866782 0.21269 -6.4
1.106486 0 0 1.296262 4
0.360428 0 0 0 4
0 -0.040846 0 0.3788565 -6.4
0 0 0 0 0
0 0 0 0 0
0 0 0 0 0
0 0 0.02978 0.24624 0
0 0 0 0 0
0 0 0 0 0
0 0 0 0 0
0 0 0 1.587495 0
0 0 0 0 0
0 0 0 0 0
0 0 0 0 0
0.624737 0.443675 2.043539 1.481419 4
0.218815 0 1.52307 0 -4
0.873178 0 1.112336 0 4
0 0.058988 0 0 0
0.589221 0.36811 0.606924 0.68615475 0
0 0 0 0 0
0 0 0 0 0
0 0 0 2.775244 0
0.37256225 0 0 0.577642 -4
0 0 0 0 0
0 0 0 0 0
0 0 0 0 0
-0.029735 0 0 0 0
0 0 0 0 0
0 0 0 0 0
0 0 0 0 0
0 1.0793285 1.393229 0.649348 4
0 0 0 3.146105 4
0 0 0 1.336234 4
1.158591 0 0 0.662265 -4
0 -0.115013 0 0.7864635 0
0 0 0 0 0
0 0 0 0 0
0 0 0 0.049037 0
0.338711 0 0 0.856692 0
0 0 0 0 0
0 0 0 0 0
0 0 0 0 4
1.620258 0 1.919924 0.080246 0
0 0 0 0 0
0 0 0 0 0
0 0 0 0 0
0.923362 1.304955 0 1.196468 7.84
-0.1400675 0.442016 0.101715 0.71567975 -5.2
1.17283 0.114034 0.778587 0.636979 2.032
0.5905675 0.450227 0.3541095 0.99925425 0.5056
0.793387 1.408326 0.3730495 0.679656 -5.61664
0 0 0 0 0
0 0.008377 0.536535 0.239902 0
1.00128 1.564317 0.125832 2.557406 1.974746
0.7739625 0.989761 2.186424 -0.037927 6.4
0 0 0 0 0
0 0 0 0 0
0 0 0 0 1.6
0.691087 1.7384085 -0.068886 1.044716 1.6
0 0 0 0 0
0 0 0 0 0
0 0 0 0 0
1.122539 0.286473 1.545443 3.047674 8.0992
0 0 0 0 0
0 0 0 0 0
0 0 0 0 0
0 0 0 0 0
0 0 0 0 0
0 0 0 0 0
0 0 0 0 0
0 0 0 0 0
0 0 0 0 0
0 0 0 0 0
0 0 0 0 0
0 0 0 0 0
0 0 0 0 0
0 0 0 0 0
0 0 0 0 0
0 0 0 0 0
1.124651 1.65377425 1.627205 1.83108925 -0.506852
0.53622 0 0 0 0
0 0 1.301471 0.327167 0
0.515087 0.159967 0.159754 0.134389 0
0 0 0 0 0
3.3183845 2.243915 1.81560925 3.118741 6.5021275
0 0 0 0 4
0 0 0.43001 0.660599 -4
0 0 0 0 0
0 0 0 0 0
2.311131 2.14735175 2.2999135 2.522477 4.73344
0.578936 0 0.6986085 0 -4
0 0 0 0 0
0 0 0 0 0
0 0 0 0 0
2.12830225 1.985498 3.170686 2.4862285 7.4700005
0.52869 0.277275 0 0.91338 4
0 0.411086 0 1.4058645 4
0 0 0 0 -5.8
0.827745 0.98282625 0 0 1.6
0 0 0 0 0
0.5053 0 0.500684 0.53016025 0
0.921127 0 0.520612 0.867925 4
1.620945 0 0.132671 0.642857 -4
0 0 0 0 0
0 0 0 0 0
0.88622 0 0 0.34688 7.84
1.961075 1.622264 0 1.401504 4
0 0 0 0 0
0 0 0 0 0
0 0 0 0 0
2.411253 2.332549 1.457973 0.870742 0
0.193431 1.156646 0 0.293968 4
0 1.301566 0.558905 0 -4
0.184938 0 1.237795 0.038225 4
0.29989 0 0 1.57074 -4
0 0 0 0 0
0 0 0 0.465496 0
0 0 0 0.211 -4
0 0.128999 0 0 0
0 0 0 0 0
0 0 0 0 0
0 1.913297 0 0 0
1.3510365 0.529352 0 1.648865 0
0 0 0 0 0
0 0 0 0 0
0 0 0 0 0
0.676166 1.19242 0.324447 3.010752 6.4
0.79081875 0.337901 0.587366 0.18061 -4
0.772208 0.4676315 0.771066 2.604751 0
0 0 0 0.498257 -7.84
1.423082 0.356932 0 0.878462 -1.6
0 0 0 0 0
0 0.106935 1.310034 1.201494 4
0 0 0 0 -4
1.060899 0 0.036498 0.458502 0
0 0 0 0 0
0 0 0 0 0
0.17061 0 0 0 6.4
0 0 0 1.792838 6.4
0 0 0 0 0
0 0 0 0 0
0 0 0 0 0
1.288966 1.358214 1.102934 0.794484 -4
0 0.532723 0 0 0
0.202497 2.274707 0 1.27715525 0
0 0 1.107044 0 0
0.060037 0 0 0 -4
0 0 0 0 0
0 0 0 0 0
0 0 0 0 0
0 0 0 1.752797 4
0 0 0 0 0
0 0 0 0 0
0 0 0 0 0
0 0 0 0 0
0 0 0 0 0
0 0 0 0 0
0 0 0 0 0
1.586499 0.692433 0 2.279921 4
0 0 0 0 4
0 0 0 0.894104 0
0 0 0 0.455139 -7.84
0.71171925 0.348397 1.4724635 1.131484 -4
0 0 0 0 0
1.08233 0 0 0 0
0 0 0 0 0
1.4502265 0 0 0 4
0 0 0 0 0
0 0 0 0 0
1.735479 0.619456 0 0 0
0.543945 0 0 0 0
0 0 0 0 0
0 0 0 0 0
0 0 0 0 0
0.333122 1.758504 0 1.190643 0
0 0.369869 0 0.663151 -7.84
1.994661 0.6474205 0 0 -4
0 0 1.409433 0.492767 0
0 0 0 0.654596 0
0 0 0 0 0
0 0 0 0 0
0 0 0 0 0
1.512021 0 0 0 0
0 0 0 0 0
0 0 0 0 0
0 0 0 1.61417 0
0.827159 0 0 0 0
0 0 0 0 0
0 0 0 0 0
0 0 0 0 0
0 0 0.537924 0 0
0 0 0 0 -4
0.776916 0 0 0.442719 0
0 0 0 0 0
0.509573 0.098099 0 0 0
0 0 0 0 0
0 0 0 0 0
0 0 0 0.42007 0
0.149453 0 0.008304 0.483665 0
0 0 0 0 0
0 0 0 0 0
2.43948 0 0 2.471868 4
0 0 0 0 0
0 0 0 0 0
0 0 0 0 0
0 0 0 0 0
1.05381 0 0 2.706379 4
0.509764 0.654511 0 0.30017 1.6
0.65555 2.07284066666667 1.972323 0.72043 -6.255424
2.75587275 2.185047 1.4639545 1.796944 4.762547
1.14821 1.281097 0.789672 1.04231975 -7.060553
0 0 0 0 0
0.3116155 0 0.336671 0.770872 -0.2
0.832299 1.31534 0.911952 1.186725 -0.16
2.96432625 0 0.417632 3.4742285 1.222401
0 0 0 0 0
0 0 0 0 0
0 0 0 1.371746 0
1.175973 0.961236 0 1.74247775 1.6
0 0 0 0 0
0 0 0 0 0
0 0 0 0 0
1.27275825 3.067092 0.784543 1.471662 0.704
0 0 0 0 0
0 0 0 0 0
0 0 0 0 0
0 0 0 0 0
0 0 0 0 0
0 0 0 0 0
0 0 0 0 0
0 0 0 0 0
0 0 0 0 0
0 0 0 0 0
0 0 0 0 0
0 0 0 0 0
0 0 0 0 0
0 0 0 0 0
0 0 0 0 0
0 1.005167 0 0.539365 0
0 0 0 0 0
0 0 0 0 0
0 0 0 0 0
0 0 0 0 0
0 0 0 0 0
0 0 0 0 0
0 0 0 0 0
0 0 0 0 0
0 0 0 0 0
0 0 0 0 0
0 0 0 0 0
0 0 0 0 0
0 0 0 0 0
0 0 0 0 0
0 0 0 0 0
0.304772 0 0 0 0
1.21496375 0.497832 2.04246 0.787659 -5.019624
1.519796 0 0 0.88399325 0
0 0 0 0.48227525 -5.2
0 0 0 0 0
0 0 0 0 0
3.108259 1.527106 1.78335125 2.2811435 7.221952
0 0 0 0 4
1.044785 0 0 0.161573 0
0 0 0 0 0
0 0 0 0 0
3.151644 1.073111 1.19064 2.564483 6.293632
0 0 0 0.659665 0
0 0 0 0 0
0 0 0 0 0
0 0 0 0 0
3.71897175 2.950872 3.277447 3.900273 8.21152
0 0.103965 0 1.088788 -4
0.557763 0 0 0 0
0.603187 0.63570025 0 0 0
0.182559 0 0 1.135935 0
0 0 0 0 0
1.213667 0.19931 0 2.087084 6.4
0 0.661868 0 0 4
1.069151 0 0 0.13293 4
0 0 0 0 0
0 0 0 0 0
0 0 0 1.894205 0
2.00921 0.330256 0 0.563433 0
0 0 0 0 0
0 0 0 0 0
0 0 0 0 0
0.315319 0 1.21777925 0.257854 1.6
0 0 0 0.213315 -4
0.691408 0 0.916835 0.351751 0
0 0 0.162058 1.874696 -4
0.100625 0 0 0.152791 0
0 0 0 0 0
1.407763 0 0 0.273896 0
0 0 0 0 0
1.285011 0.007347 0 0.511248 0
0 0 0 0 0
0 0 0 0 0
0 0 0 1.20511 0
0 0 0 0 4
0 0 0 0 0
0 0 0 0 0
0 0 0 0 0
0.732662 0 0.12162 1.783041 4
0 0 0 0 0
0 0 0 0.182793 0
1.075617 0.122297 0 1.154979 0
0 1.789238 0 0.619317 4
0 0 0 0 0
1.466405 0 0 0 4
2.233974 0 0 0 -4
0 0 0 0.243406 0
0 0 0 0 0
0 0 0 0 0
1.711627 0 0 0 4
0 0 0 0 0
0 0 0 0 0
0 0 0 0 0
0 0 0 0 0
0 0.086093 0 2.036758 6.4
0 0 0 0 0
0.152953 0 0 0 -4
0 0 0 0.862433 0
0 0.082897 0 0 0
0 0 0 0 0
0 0 0.970751 0 0
0 0 0 -0.023791 0
0 0 0 0.3502465 4
0 0 0 0 0
0 0 0 0 0
1.643953 0.536501 0 0 0
0 0 0 0.763261 0
0 0 0 0 0
0 0 0 0 0
0 0 0 0 0
0 0 0 0 6.4
0 0 0 0.483734 0
0 0 0 0.398293 0
1.090843 0 0 1.014784 -4
0 -0.301034 0 0.9495915 0
0 0 0 0 0
0 0 0 0 0
0 1.276211 0 0 0
1.279655 0 1.478709 0.919025 0
0 0 0 0 0
0 0 0 0 0
0 0 0 1.080068 0
0 0 0 0 0
0 0 0 0 0
0 0 0 0 0
0 0 0 0 0
0 0 0 0 0
0 0 0 0 0
1.195614 0.145985 0 0.796403 4
1.265689 0 0 0 0
0.792588 0 1.193553 1.642168 -4
0 0 0 0 0
1.186088 1.536335 0 0.732051 0
0 0 0 0 0
1.39957 0 0 1.23661433333333 4
0 0 0 0 0
0 0 0 0 0
2.416652 0.424472 0.741245 0 4
0 0 0 0.566666 0
0 0 0 0 0
0 0 0 0 0
0 0 0 0 0
0.152529 0 0 0 0
0.321501 0 0 0.064261 -6.4
0.44647 0.204505 0.953647 0.969641 -4
0.14691575 0.2526375 0.948832 0.613986 0.34316275
0.90511825 -0.051128 1.483047 0.860516 -6.472
0 0 0 0 0
0 0.126881 0 0.121028 0
0 0 0.539822 0.322783 4
0.674216 0.833988 0.527728 2.167967 4
0 0 0 0 0
0 0 0 0 0
0.136995 0 0.025597 0 0
0 1.115815 2.762232 1.516677 6.3712
0 0 0 0 0
0 0 0 0 0
0 0 0 0 0
1.2 1.315889 0 1.94805675 3.04
0 0 0 0 0
0 0 0 0 0
0 0 0 0 0
0 0 0 0 0
0 0 0 0 0
0 0 0 0 0
0 0 0 0 0
0 0 0 0 0
0 0 0 0 0
0 0 0 0 0
0 0 0 0 0
0 0 0 0 0
0 0 0 0 0
0 0 0 0 0
0 0 0 0 0
0 0 0 0 0
0 0 0 0 0
0 0 0 0 0
0 0 0 0 0
0 0 0 0 0
0 0 0 0 0
0 0 0 0 0
0 0 0 0 0
0 0 0 0 0
0 0 0 0 0
0 0 0 0 0
0 0 0 0 0
0 0 0 0 0
0 0 0 0 0
0 0 0 0 0
0 0 0 0 0
0 0 0 0.00362 0
0 0 0 0 0
0 0 0 0 0
0 0 0 0 0
0 0 0 0 0
0 0 0 0 0
0 0 0 0 0
0 0 0 0 0
0 0 0 0 0
0 0 0 0 0
0 0 0 0 0
0 0 0 0 0
0 0 0 0 0
0 0 0 0 0
0 0 0 0 0
0 0 0 0 0
0 0 0 0 0
0.96076775 0.6133665 0.721474 1.974658 4.830221
0 0 0 0 0
0.678706 0 0 0.689864 0
0 0 0 0 0
0 0 0 0 0
1.97555525 2.846371 0.517015 3.324502 6.65344
0 0 1.905219 0 0
0 0 0 0 4
0 0 0 0 0
0 0 0 0 0
1.653484 3.184772 2.413051 2.194279 5.1232
0 0 0 2.493506 6.4
0 0 0 0 0
0 0 0 0 0
0 0 0 0 0
1.1992385 1.203282 1.363796 1.419651 -7.629267
0.395148 0 0 0 4
2.044024 0 0 1.321077 4
0 0 0 0.690288 0
0 0 0.27227 0.264881 0
0 0 0 0 0
0 0 1.251366 2.659278 4
0 0 0 0 4
0 0.206685 0.234292 0.345623333333333 0
0 0 0 0 0
0 0 0 0 0
0 0 0 0 0
1.19356 0 0 0.961747 4
0 0 0 0 0
0 0 0 0 0
0 0 0 0 0
1.8339905 0.22687 0 0 0
0 0 0.641783 0.085493 0
0 0 0 0.982581 0
1.191832 0 0 0 4
0 0 0 1.704243 -4
0 0 0 0 0
0 0 0 1.195285 0
0 0 0 0 4
1.180006 0 0 0 4
0 0 0 0 0
0 0 0 0 0
2.152876 1.247266 0 0 -4
0.764707 0.907295 0 0 0
0 0 0 0 0
0 0 0 0 0
0 0 0 0 0
0 0.314332 0 0.390787 0
0.653839 0 0 0.298618 0
0.364706 0 0 0 0
0.064762 0 0 0.459972 -4
0 0 0 1.2808755 0
0 0 0 0 0
0 0 0 0 0
0 0 0 0 5.8
0 0 0 0 0
0 0 0 0 0
0 0 0 0 0
0 0.134408 0 0 0
2.986712 1.219196 0 1.847093 0
0 0 0 0 0
0 0 0 0 0
0 0 0 0 0
0 0 0 0 0
0 0 0.017939 0 -4
0 0 0 0.2921 4
0.853464 0 0 0 0
0 0 0 0.342614 0
0 0 0 0 0
0 0 0 0 0
0 0 0 0.489347 0
1.173806 0 0.515892 -0.180196 0
0 0 0 0 0
0 0 0 0 0
0 0 0 0 0
0 0 0 0 0
0 0 0 0 0
0 0 0 0 0
0 0 0 0 0
-0.173436 0.416612 0.213263 0 0
0.573349 0 1.731319 0 0
0 0 0 0 -4
0 0 0 0 0
0 0 0 0 -4
0 0 0 0 0
0 0 0 0 4
0 0 0 0 0
0 0 0 0 0
0 0 0 0 0
0 0 0 0 0
0 0 0 0 0
0 0.438748 0 0 0
0 0 0 0 0
0 0 0 0 0
0 0 0 0 0
0 0 0 0 0
1.01712225 0 0 0.368917 -6.4
0.93613 0.924469 2.134988 1.15666675 -5.2
-0.377209 -0.134426 0 2.455328 -1.4368
0.697219 0.86161 0 1.2008585 -4.16
0 0 0 0 0
0 0 0.78299575 0 0
0 0.55998 0 1.45756225 0
1.557425 -0.005885 0.679714 1.304936 9.222401
0 0 0 0 0
0 0 0 0 0
0 0 0 0 0
1.128089 0.484522 2.763544 0.461114 1.6
0 0 0 0 0
0 0 0 0 0
0 0 0 0 0
1.93565075 1.4055335 0.913971 2.054391 3.04
0 0 0 0 0
0 0 0 0 0
0 0 0 0 0
0 0 0 0 0
0 0 0 0 0
0 0 0 0 0
0 0 0 -0.019165 0
0 0 0 0 0
0 0 0 0 0
0 0 0 0 0
0 0 0 0 0
0 0 0 0 0
0 0 0 0 0
0 0 0 0 0
0 0 0 0 0
0 0 0 0 0
0 0 0 0 0
0 0 0 0 0
0 0 0 0 0
0 0 0 0 0
0 0 0 0 0
0 0 0 0 0
0 0 0 0 0
0 0 0 0 0
0 0 0 0 0
0 0 0 0 0
0 0 0 0 0
0 0 0 0 0
0 0 0 0 0
0 0 0 0 0
0 0 0 0 0
0 0 0 0 0
0 0 0 0 0
0 0 0 0 0
0 0 0 0 0
0 0 0 0 0
0 0 0 0 0
0 0 0 0 0
0 0 0 0 0
0 0 0 0 0
0 0 0 0 0
0 0 0 0 0
0 0 0 0 0
0 0 0 0 0
0 0 0 0 0
0 0 0 0 0
0 0 0 0 0
0 0 0 0 0
0 0 0 0 0
0 0 0 0 0
0 0 0 0 0
0 0 0 0 0
0 0 0 0 0
0 0 0 0 0
0 0 0 0 0
0 0 0 0 0
0 0 0 0 0
0 0 0 0 0
0 0 0 0 0
0 0 0 0 0
0 0 0 0 0
0 0 0 0 0
0 0 0 0 0
0 0 0 0 0
1.2509395 1.576267 1.40384975 1.107398 -8.488
1.194023 0 2.335318 0 -4
0 0 0 0.835638 -4
0 0 0 0 0
0 0 0 0 0
2.01694625 0.412496 0.463488 1.2891295 4
0.097598 1.199962 0 0 4
1.377825 0 0 0 0
0 0 0 0 0
0 0 0 0 0
2.406156 1.594605 -0.020304 1.8074545 3.776
0 0 0 0 0
0 0 0 0 0
0 0 0 0 0
0 0 0 0 0
1.130396 1.24837825 1.29896775 1.568493 -2.169254
0 0 0 0 0
0 0 0 0 0
0.461615 0 0 0 0
0 0 0 0 0
0 0 0 0 0
0 1.206244 1.22605 2.005015 6.4
0.167976 0.317542 0 0 0
0 0 0 0 0
0 0 0 0 0
0 0 0 0 0
0 1.094957 0 0 4
0 0 0 0 0
0 0 0 0 0
0 0 0 0 0
0 0 0 0 0
1.214767 0 0 1.195313 4
0.487649 0 0 0 0
0 0 0 0 0
0 1.068717 0 0 0
0 0 0 0 0
0 0 0 0 0
0 0 0 0.105162 4
0 0 0 0 0
0 0 0 2.023665 0
0 0 0 0 0
0 0 0 0 0
0 0 0 0 0
0 0 0.266306 1.3372945 0
0 0 0 0 0
0 0 0 0 0
0 0 0 0 0
0.703803 0.183098 0 0.44993 0
0 0 0 0 0
0 0 0 0 0
0 0 0.795045 0 0
0 0 0.423346 0 2.6
0 0 0 0 0
0 0 0 0 0
0 0 0 0 0
0 0 0 0 0
0 0 0 0 0
0 0 0 0 0
0 0 0.3944265 0 0
0 0 0 0.330001 0
0 0 0 0 0
0 0 0 0 0
0 0 0 0 0
0.324942 0 0 0 0
0.405202 0 0 0 0
0.060235 0 0 0 -4
0 0 0 0 -4
1.282608 0 0 0.351157 0
0 0 0 0 0
0 0 0 0 0
0 0 0 0 4
0.649345 0 0 3.340017 0
0 0 0 0 0
0 0 0 0 0
0 0 0 0 0
0 0 0 0 -4
0 0 0 0 0
0 0 0 0 0
0 0 0 0 0
0 0 0 0.496619 0
0.172286 0.640555 0 0 3.904
1.9859895 0.703914 2.321164 0.547785 4.850791
1.239975 -0.233702 1.434825 1.9946625 4
1.526368 0.344632 0.596863 0.643669 -6.4
0 0 0 0 0
0 0 0 0 4.272
0.972551 0 0 0 0
1.940798 0 2.59723 1.302645 4.6
0 0 0 0 0
0 0 0 0 0
0 0.50281 0 0 0
0.357443 -0.09551 0 0 0
0 0 0 0 0
0 0 0 0 0
0 0 0 0 0
0.813865 1.985582 0.679892 2.163982 6.4
0 0 0 0 0
0 0 0 0 0
0 0 0 0 0
0 0 0 0 0
0 0 0 0 0
0 0 0 0 0
0 0 0 0 0
0 0 0 0 0
0 0 0 0 0
0 0 0 0 0
0 0 0 0 0
0 0 0 0 0
0 0 0 0 0
0 0 0 0 0
0 0 0 0 0
0 0 0 0 0
0 0 0 0 0
0 0 0 0 0
0 0 0 0 0
0 0 0 0 0
0 0 0 0 0
0 0 0 0 0
0 0 0 0 0
0 0 0 0 0
0 0 0 0 0
0 0 0 0 0
0 0 0 0 0
0 0 0 0 0
0 0 0 0 0
0 0 0 0 0
0 0 0 0 0
0 0 0 0 0
0 0 0 0 0
0 0 0 0 0
0 0 0 0 0
0 0 0 0 0
0 0 0 0 0
0 0 0 0 0
0 0 0 0 0
0 0 0 0 0
0 0 0 0 0
0 0 0 0 0
0 0 0 0 0
0 0 0 0 0
0 0 0 0 0
0 0 0 0 0
0 0 0 0 0
0 0 0.823978 0 0
0 0 0 0 0
0 0 0 0 0
0 0 0 0 0
0 0 0 0 0
0 0 0 0 0
0 0 0 0 0
0 0 0 0 0
0 0 0 0 0
0 0 0 0 0
0 0 0 0 0
0 0 0 0 0
0 0 0 0 0
0 0 0 0 0
0 0 0 0 0
0 0 0 0 0
0 0 0 0 0
0 0 0 0 0
0 0 0 0 0
0 0 0 0 0
0 0 0 0 0
0 0 0 0 0
0 0 0 0 0
0 0 0 0 0
0 0 0 0 0
0 0 0 0 0
0 0 0 0 0
0 0 0 0 0
0 0 0 0 0
0 0 0 0 0
0 0 0 0 0
0 0 0 0 0
0 0 0 0 0
2.337394 2.244316 0.967491 0.876 -7.858202
2.55254 0 0 0 0
0 0 0 0 0
0 0 0.365944 0 4
0 0 0 0 0
0.429206 0.740377 0 0.650433 -0.5056
1.273609 1.185492 0 0 0
0.901345 0 0 0.001647 0
0 0 0 0 0
0 0 0 0 0
1.5980895 2.41694 1.670121 2.404643 -0.5056
0 1.505726 0 0 0
0 0 0 0 0
0 0 0 0 0
0 0 0 0 0
2.892972 0.496814 1.246538 2.781707 5.824
0.382472 0 0 0.253547 0
0.942604 0 0 0 4
0 0 0 0 0
0 0 0 0 0
0 0 0 0 0
0 -0.021888 0 0 0
0.412855 0 0.836323 0 4
0 0 0 2.009296 4
0 0 0 0 0
0 0 0 0 0
2.286652 0 0 0 5.44
0 1.528202 0 0 0
0 0 0 0 0
0 0 0 0 0
0 0 0 0 0
0 0 0 0 0
0 0 -0.021606 0 0
0 0 0 0 0
0.085113 0 0 0 0
0 0 0 0 0
0 0 0 0 0
0 0 0 0 0
0 0.270535 0 1.806632 -4
0 0 0 0 0
0 0 0 0 0
0 0 0 0 0
0.299646 0 0 0 5.8
0 0 0 0 0
0 0 0 0 0
0 0 0 0 0
0 0 0 0 0
2.686536 0 0 1.213543 4
0 0 0 0 0
0 0 0 0 0
0 0 0 0 0
1.363385 0 0.220807 0 -6.4
0 0 0 0 0
0 0 0 0 0
0 0 0 0 4
0 0 0 1.03994 0
0 0 0 0 0
0 0 0 0 0
0 0 0 0 0
0 0 0 0 4
0 0 0 0 0
0 0 0 0 0
0 0 0 0 0
0 0 0 0 5.8
0.187171 0.010899 1.554363 0.035882 -7.48
1.769292 0.353556 -0.477679 1.85965275 0.266666666666667
0 0 0.515594 1.994576 4
0.747301 0.856821 0.150223 1.042939 1.6
0 0 0 0 0
0 0 0 0 0
0.101587 0 0 0.314925 4
0.988606 0 0.288542 1.349497 1.6
0 0 0 0 0
0 0 0 0 0
0 0 0 0 0
0 0.284449 0 0.700745 0
0 0 0 0 0
0 0 0 0 0
0 0 0 0 0
0.220104 0.545322 1.063195 1.10306075 5.216
0 0 0 0 0
0 0 0 0 0
0 0 0 0 0
0 0 0 0 0
0 0 0 0 0
0 0 0 0 0
0 0 0 0 0
0 0 0 0 0
0 0 0 0 0
0 0 0 0 0
0 0 0 0 0
0 0 0 0 0
0 0 0 0 0
0 0 0 0 0
0 0 0 0 0
0 0 0 0 0
0 0 0 0 0
0 0 0 0 0
0 0 0 0 0
0 0 0 0 0
0 0 0 0 0
0 0 0 0 0
0 0 0 0 0
0 0 0 0 0
0 0 0 0 0
0 0 0 0 0
0 0 0 0 0
0 0 0 0 0
0 0 0 0 0
0 0 0 0 0
0 0 0 0 0
0 0 0 0 0
0 0 0 0 0
0 0 0 0 0
0 0 0 0 0
0 0 0 0 0
0 0 0 0 0
0 0 0 0 0
0 0 0 0 0
0 0 0 0 0
0 0 0 0 0
0 0 0 0 0
0 0 0 0.250364 0
0 0 0 0 0
0 0 0 0 0
0 0 0 0 0
0 0 0 0 0
0 0 0 0 0
0 0 0 0 0
0 0 0 0 0
0 0 0 0 0
0 0 0 0 0
0 0 0 0 0
0 0 0 0 0
0 0 0 0 0
0 0 0 0 0
0 0 0 0 0
0 0 0 0 0
0 0 0 0 0
0 0 0 0 0
0 0 0 0 0
0 0 0 0 0
0 0 0 0 0
0 0 0 0 0
0 0 0 0 0
0 0 0 0 0
0 0 0 0 0
0 0 0 0 4
0 0 0 0 0
0 0 0 0 0
0 0 0 0 0
0 0 0 0 0
0 0 0 0 0
0 0 0 0 0
0 0 0 0 0
0 0 0 0 0
0 0 0 0 0
0 0 0 0 0
0 0 0 0 0
0 0 0 0 0
0 0 0 0 0
0 0 0 0 0
0 0 0 0 0
0 0 0 0 0
0 0 0 0 0
0 0 0 0 0
0 0 0 0 0
0 0 0 0 0
0 0 0 0 0
0 0 0 0 0
0 0 0 0 0
0 0 0 0 0
0 0 0 0 0
0 0 0 0 0
0 0 0 0 0
0 0 0 0 0
1.20204625 0.85506925 0.829064 1.48351375 -7.996543
0 0 0 0.284631 0
0 0 0 0 0
0 0 0 0.693369 4
0 0 0 0 0
1.140044 1.5946195 0.44714 1.380409 -0.16
0 0 0 0 4
0 0 0 0 0
0 0 0 0 0
0 0 0 0 0
1.93234375 0 2.333436 1.1999695 4
0 0 0 0 0
0 0 0 0 0
0 0 0 0 0
0 0 0 0 0
1.410382 0 0 1.2627205 -6.14656
0 0 0 0 4
0 0 0 0 0
1.22102 0 0 0 0
0 2.439764 0.0406 0.223337 0
0 0 0 0 0
0 0 0 0 0
-0.017197 0 0 0 0
0.349076 0 0 0.1067 0
0 0 0 0 0
0 0 0 0 0
0 1.454852 0.773402 1.660866 -4
0 0 0 0 0
0 0 0 0 0
0 0 0 0 0
0 0 0 0 0
0 0 0 1.184327 0
0 0 -0.083612 0 0
0.102415 0 0 0.933043 0
0.605438 0 0 0 -1.6
0.171787 0.40975 1.18179525 0.149266 -4
0 0 0 0 0
0 0.349814 0 0 0
0 0.337561 0 0 0
0 0 0 0 0
0 0 0 0 0
0 0 0 0 0
0 0 0 0 0
0 0.147022 0 0 0
0 0 0 0 0
0 0 0 0 0
0 0 0 0 0
0 0.995015 0 0.002297 4
0.5610945 0 -0.827121 0 -1.6
-0.317191 0.375439 0 0.439273 -4
0 0 0 1.279909 0
2.374471 0.84811 0.3659495 2.66090675 -0.16
0 0 0 0 0
0.039451 0.059457 0 0 0
0 0 0 0 0
0 0 -0.081266 0.567821 6.4
0 0 0 0 0
0 0 0 0 0
0 0 0 0 0
0.420704 0 0 0.336679 4
0 0 0 0 0
0 0 0 0 0
0 0 0 0 0
0.368936 0.388146 1.156738 0.654978 8.056
0 0 0 0 0
0 0 0 0 0
0 0 0 0 0
0 0 0 0 0
0 0 0 0 0
0 0 0 0 0
0 0 0 0 0
0 0 0 0 0
0 0 0 0 0
0 0 0 0 0
0 0 0 0 0
0 0 0 0 -4
0 0 0 0 0
0 0 0 0 0
0 0 0 0 0
0 0 0 0 0
0 0 0 0 0
0 0 0 0 0
0 0 0 0 0
0 0 0 0 0
0 0 0 0 0
0 0 0 0 0
0 0 0 0 0
0 0 0 0 0
0 0 0 0 0
0 0 0 0 0
0.315664 0 0 1.477029 0
0 0 0 0 0
0 0 0 0 0
0 0 0 0 0
0 0 0 0 0
0 0 0 0 0
0 0 0 0 0
0 0 0 0 0
0 0 0 0 0
0 0 0 0 0
0 0 0 0 0
0 0 0 0 0
0 0 0 0 0
-0.014955 0 0 0 0
0 0 0 0 0
0 0 0 0 0
0.664237 0 0 0 0
0 0 0 0 0
0 0 0 0 0
0 0 0 0 0
0 0 0 0 0
-0.130659 0 0 0 0
0 0 0 0 0
0 0 0 0 0
0 0 0 0 0
0 0 0 0 0
0 0 0 0 0
0 0 0 0 0
0 0 0 0 0
0 0 0 0 0
0 0 0 0 0
0 0 0 0 0
0 0 0 0 0
0 0 0 0 0
0 0 0 0 0
0 0 0 0 0
0 0 0 0 0
1.513782 0 0 0 4
0 0 0 0 0
0 0 0 0 0
0 0 0 0 0
0 0 0 0 0
0 0 0 0 0
0 0 0 0 0
0 0 0 0 0
0 0 0 0 0
0 0 0 0 0
0 0 0 0 0
0 0 0 0 0
0 0 0 0 0
0 0 0 0 0
0 0 0 0 0
0 0 0 0 0
0 0 0 0 0
0 0 0 0 0
0 0 0 0 0
0 0 0 0 0
0 0 0 0 0
0 0 0 0 0
0 0 0 0 0
0 0 0 0 0
0 0 0 0 0
0 0 0 0 0
0 0 0 0 0
0 0 0 0 0
0 0 0 0 0
0 0 0 0 0
0 0 0 0 0
0 0 0 0 0
0 0 0 0 0
0 0 0 1.464676 0
0 0 0 0 0
0 0 0 0 0
0 0 0 0 0
0 0 0 0 0
0 0 0 0 0
0 0 0 0 0
0 0 0 0 0
0 0 0 0 0
0 0 0 0 0
0 0 0 0 0
0 0 0 0 0
0 0 0 0 0
0 0 0 0 0
0 0 0 0 0
0 0 0 0 0
0.65823925 0.972648 0 1.215587 -7.52032
0 0 1.471907 0 0
0 0 0 0 0
0.428052 0 0.268594 0.470628 -4
0 0 0 0 0
1.95927 0 1.83344 1.23412666666667 4
1.158371 0 0 0.771749 4
-0.048169 0 0 1.193573 0
0 0 0 0 0
0 0 0 0 0
1.2556325 0 2.276995 1.249444 4
0 0 0 0 0
0 0 0 0 0
0 0 0 0 0
0 0 0 0 0
1.136426 1.6761135 0.61517875 1.262421 4
0 0 0 0.799124 4
0 0 0 0 0
0 0 0 0.517971 0
0.590923 0.780237 0.732286 0.47703675 0
0 0 0 0 0
0 0 0.91151 0 -4
0 0 0 0.456225 0
0 0 0 0 0
0 0 0 0 0
0 0 0 0 0
0 0 1.29659 0 0
1.30523 0 0 0 0
0 0 0 0 0
0 0 0 0 0
0 0 0 0 0
2.175719 0.146238 0 0 0
1.84003825 0 0 -0.294684 4
1.2500135 0 0 0 0
0.173427 0 0.184451 0 -4
0.164221 0.6015 0.5513845 0.05368 -2.43608325
0 0 0 0 0
0 0 0 0 0
0.318186 0 0 0.921044 0
0.484138 0.612794 0.574202 0.608447 0
0 0 0 0 0
0 0 0 0 0
1.79324 0 0 0 4
0.504078 0 0 0.401775 0
0 0 0 0 0
0 0 0 0 0
0 0 0 0 0
0 0.6582765 1.139417 1.307109 2.56
0 0 0 0 0
0 0 0 0 0
0 0 0 0 0
0 0 0 0 0
0 0 0 0 0
0 0 0 0 0
0 0 0 0 0
0 0 0 0 0
0 0 0 0 0
0 0 0 0 0
0 0 0 0 0
0 0 0 0 0
0 0 0 0 0
0 0 0 0 0
0 0 0 0 0
0.66272 0 0 0.498678 0
0 0 0 0 0
0 0 0 0 0
0 0 0 0 0
0 0 0 0 0
0 0 0 0 0
0 0 0 0 0
0 0 0 0 0
0 0 0 0 0
0 0 0 0 0
0 0 0 0 0
0 0 0 0 0
0 0 0 0 0
0 0 0 0 0
0 0 0 0 0
0 0 0 0 0
0 0 0 0 0
0 0 0 0 0
0 0 0 0 0
0 0 0 0 0
0 0 0 0 0
0 0 0 0 0
0 0 0 0 0
0 0 0 0 0
0 0 0 0 0
0 0 0 0 0
0 0 0 0 0
0 0 0 0 0
0 0 0 0 0
0 0 0 0 0
0 0 0 0 0
0 0 0 0 0
0 0 0 0 4
0 0 0 0 0
0 0 0 0 0
0 0 0 0 0
0 0 0 0 0
0 0 0 0 0
0 0 0 0 0
0 0 0 0 0
0 0 0 0 0
0 0 0 0 0
0 0 0 0 0
0 0 0 0 0
0 0 0 0 0
0 0 0 0 0
0 0 0 0 0
0 0 0 0 0
0 0 0 0 0
0 0 0 0 0
0 0 0 0 0
0 0 0 0 0
0 0 0 0 0
0 0 0 0 0
0 0 0 0 0
0 0 0 0 0
0 0 0 0 0
0 0 0 0 0
0 0 0 0 0
0 0 0 0 0
0 0 0 0 0
0 0 0 0 0
0 0 0 0 0
0 0 0 0 0
0 0 0 0 -4
0 0 0 0 0
0 0 0 0 0
0 0 0 0 0
0 0 0 0 0
0 0 0 0 0
0 0 0 0 0
0 0 0 0 0
0 0 0 0 0
0 0 0 0 0
0 0 0 0 0
0 0 0 0 0
0 0 0 0 0
0 0 0 0 0
0 0 0 0 0
0 0 0 0 0
0 0 0 0 0
0 0 0 0 0
0 0 0 0 0
0 0 0 0 0
0 0 0 0 0
0 0 0 0 0
0 0 0 0 0
0 0 0 0 0
0 0 0 0 0
0 0 0 0 0
0 0 0 0 0
0 0 0 0 0
0 0 0 0 0
0 0 0 0 0
0 0 0 0 0
0 0 0 0 0
0 0 0 0 0
0 0 0 0 0
0 0 0 0 0
0 0 0 0 0
0 0 0 0 0
0 0 0 0 0
2.273868 0 0 0 0
0 0 0 0 0
0 0 0 0 0
0 0 0 0 0
0 0 0 0 0
0 0 0 0 0
0 0 0 0 0
0 0 0 0 0
0 0 0 0 0
0 0 0 0 0
0 0 0 0 0
1.036077 0.94979475 1.2441745 1.563937 -8.7904005
0 0 0 0 0
0 0 0 0.512694 0
-0.359679 0 0 0 -4
0 0 0 0 0
1.698375 0 2.734187 1.626618 4
0 0 0 0 0
0 0 0 0 0
0 0 0 0 0
0 0 0 0 0
1.798147 2.563513 1.305096 0 6.76
1.110231 0 0 0 4
0 0 0 0 0
0 0 0 0 0
0 0 0 0 0
1.947112 0.283333 0.02393 1.278386 4.6144
0 0.579878 0 0.538775 -5.8
0.049442 0.592736 0 0.142884 0
0.627193 0 0 -0.873861 -4
0.230114 0.368612 0 0.41977625 -0.171224
0 0 0 0 0
0.261209 0 0 1.079905 -1.6
-0.069793 0 1.272379 0 0
0 1.190333 0 1.447224 4
0 0 0 0 0
0 0 0 0 0
2.025312 0 0 3.309168 6.4
2.174739 0 0 1.272616 0.2
0 0 0 0 0
0 0 0 0 0
0 0 0 0 0
1.592852 0 0.396187 2.855407 4.6
0 0 0 0 0
0 0 0 0 0
0 0 0 0 0
0 0 0 0 0
0 0 0 0 0
0 0 0 0 0
0 0 0 0 0
0 0 0 0 0
0 0 0 0 0
0 0 0 0 0
0 0 0 0 0
0 0 0 0 0
0 0 0 0 0
0 0 0 0 0
0 0 0 0 0
1.793549 1.196845 0 1.200192 4
0 0 0 0 0
0 0 0 0 0
0 0 0 0 0
0 0 0 0 0
0 0 0 0 0
0 0 0 0 0
0 0 0 0 0
0 0 0 0 0
0 0 0 0 0
0 0 0 0 0
0 0 0 0 0
0 0 0 -0.01344 0
0 0 0 0 0
0 0 0 0 0
0 0 0 0 0
0 1.226229 0 0 0
0 0 0 0 0
0 0 0 0 0
0 0 0 0 0
0 0 0 0 0
0 0 0 0 0
0 0 0 0 0
0 0 0 0 0
0 0 0 0 0
0 0 0 0 0
0 0 0 0 0
0 0 0 0 0
0 0 0 0 0
0 0 0 0 0
0 0 0 0 0
0 0 0 0 0
3.366343 0 1.146391 2.497605 0
0 0 0 0 -4
0 0 0 0 0
0 0 0 0 0
0 0 0 0 0
0 0 0 0 0
0 0 0 0 0
0 0 0 0 0
0 0 0 0 0
0 0 0 0 0
0 0 0 0 0
0 0 0 0 0
0 0 0 0 0
0 0 0 0 0
0 0 0 0 0
0 0 0 0 0
0 0 -0.045621 1.705146 4
0 0 0 0 0
0 0 0 0 0
0 0 0 0 0
0 0 0 0 0
0 0 0 0 0
0 0 0 0 0
0 0 0 0 0
0 0 0 0 0
0 0 0 0 0
0 0 0 0 0
0 0 0 0 0
0 0 0 0 0
0 0 0 0 0
0 0 0 0 0
0 0 0 0 0
0 0 0 0 0
0 0 0 0 0
0 0 0 0 0
0 0 0 0 0
0 0 0 0 0
0 0 0 0 0
0 0 0 0 0
0 0 0 0 0
0 0 0 0 0
0 0 0 0 0
0 0 0 0 0
0 0 0 0 0
0 0 0 0 0
0 0 0 0 0
0 0 0 0 0
0 0 0 0 0
0 0 0 0 0
0 0 0 0 0
0 0 0 0 0
0 0 0 0 0
-0.099174 0 0 0 0
0 0 0 0 0
0 0 0 0 0
0 0 0 0 0
0 0 0 0 0
0 0 0 0 0
0 0 0 0 0
0 0 0 0 0
0 0 0 0 0
0 0 0 0 0
0 0 0 0 0
0 0 0 0 0
0 0 0 0 0
0 0 0 0 0
0 0 0 0 0
0 0 0 0 0
0 0 0 0 0
0 0 0 0 0
0 0 0 0 0
0 0 0 0 0
0 0 0 0 0
0 0 0 0 0
0 0 0 0 0
0 0 0 0 0
0 0 0 0 0
0 0 0 0 0
0 0 0 0 0
0 0 0 0 0
0 0 0 0 0
0 0 0 0 0
0 0 0 0 0
0 0 0 0 0
0 0 0 0 0
0 0 0 0 0
0 0 0 0 0
0 0 0 0 0
0 0 0 0 0
0 0 0 0 0
0 0 0 0 0
0 0 0 0 0
0 0 0 0 0
0 0 0 0 0
0 0 0 0 0
0 0 0 0 0
0 0 0 0 0
0.893486 2.302695 0.337815 1.047604 -4.042287
0.270907 0.916337 0 0.302013 1.6
1.280134 0 0 0 4.4224
0.23969425 0.706697 0.791617 1.209264 -1.346816
0 0 0 0 0
3.61694 0.328707 0.8596265 3.311843 8.272
1.94204 2.562391 0 0 0
0.7026745 1.465997 0 1.155786 -4
0 0 0 0 0
0 0 0 0 0
0.552841 3.834791 1.827752 4.048033 8.704
0.718394 0.759187 0.912 2.63352 7.4944
0 0 0 0 0
0 0 0 0 0
0 0 0 0 0
1.7420755 3.951574 1.80136825 2.073907 -5.755184
