0.530461 0.8622465 1.18648625 0.461476 0.518041
1.421517 2.427817 0.210405 1.5319605 4
0.313458 0.141929 0 0.372183 0
0 0 0 0 -4
0.334113 0 0 0.508354 0
1.60028175 1.1595805 1.850928 1.06439375 1.284608
1.586428 0.189165 0.556108 1.359638 0
0.7795735 0.40181025 0.560143 1.068701 -6.4
2.086071 1.701893 1.196356 1.811693 -4.96
0 0 0.888306 0 0
1.5319765 1.604777 1.405844 2.43625 1.8176
1.519994 1.263674 0.621943 2.074889 4.288
1.77436725 1.26958375 1.357859 2.2401805 -1.92902925
0 0 0 0 0
0.513204 0 1.411754 1.161148 0
1.341748 1.783208 1.947365 1.701167 1.92032
0.3364635 0.187431 0 0.386331 0
0.437063 0.503865 0 0.743787 0
0.157757 0.383783 0.342638 0.26040975 0
0 0.666027 0.201888 0.310104 -4
0 0 0 0 0
0.72993 2.005843 0.504145 1.585392 -1.6
0.877545 1.61182 1.88150125 2.04453575 5.3632
1.894277 0.80378825 0 1.432938 -1.312
1.38705 0.543172 0.485543 0.871913 -1.6
0 0 0 0 0
1.334519 0.709076 1.77354 0.790901 -4
0.915447 0.469341 0 2.159746 -2.52
3.779834 2.838496 1.561057 3.867386 7.730791
0 0 0 0 0
0 0 0 0 0
1.771795 2.269873 1.37367225 2.39875875 4
0 0 1.076586 0.821458 -4
0.879278 0 0 1.545212 0
1.171741 0.153206 0.55089075 0 -4
0.460587 0.345183 0 0.12394 0
0 0 0 0 0
0.953453 1.931859 0 0 4
0.562261 0.355784 0 0 -2.6
0.905143 2.536139 0 0.791248 -4
1.236283 0.245977 0 0 4
0 0 0 0 0
1.154837 1.660071 0 0.469173 0
0 0.993685 0.484653 0 -1.6
3.927128 1.996741 2.156251 3.49731 -2.6
0 0 0 0 0
0 0 0 0 0
2.0928 2.12349975 1.02094075 1.4984845 6.976
0 0.5459375 0.983619 0 0
1.105604 0.419258 0 0.281608 0
0.23268 0 0.142785 0 0
0.12251 0.361969 0 0 0
0 0 0 0 0
0 0.298705 0 1.131366 0
0 0 0 0.426657 0
0.5645065 0 0.193348 2.058133 0
0 0 0 0 4
0 0 0 0 0
0 0 0 0 0
0.110007 0 0 0.567134 0
2.994296 1.880214 3.307595 4.670756 8.8249605
0 0 0 0 0
0.289238 0.294836 0 0.808729 0
2.109258 0 0 1.607766 4
0 0 0 0 -4
0.37576 0 0 0 0
0 0 0 0.700723 -4
0.170466 0.1716925 0.375023 0.14212075 0
0 0 0 0 0
0 0 0 0 0
0.678509 0 0 0 0
0 0 0.222849 0.268651 0
0 0 0 0 0
0 0 0 0 0
0 0 0 0 0
0 0 0 0.92069 0
0.583833 0.003463 -0.001831 0.010951 1.6
0 0 0 0 0
0 0 0 0 0
0.66218 2.162615 1.495849 2.645419 4
0 0.308488 0 0.250058 -4
0 0 0 0.375623 0
0 0 0 -0.003339 -4
0 0 0 0.014078 -4
0 0 0 0 0
0 0 0 0 0
0.987227 0 0 2.006899 4
0 0.449172 0 1.030064 4
0 0 0 0 0
0 0 0 0 0
0 0 0 0 0
0.481982 0 0.292194 0.487961 0
-0.079416 0.325071 0 0.93158 0
0 0 0 0 0
0 0 0 0 0
2.551845 0 0 1.64842475 6.4
0 0 0.866782 0.21269 -6.4
0 0 0 0.184644 4
0 0 0 0 0
0 -0.040846 0 0.263307 -4
0 0 0 0 0
0 0 0 0 0
0 0 0 0 0
0 0 0.02978 0.24624 0
0 0 0 0 0
0 0 0 0 0
0 0 0 0 0
0 0 0 1.587495 0
0 0 0 0 0
0 0 0 0 0
0 0 0 0 0
0 0 0 1.481419 0
0.218815 0 1.52307 0 -4
0.8731775 0 1.112336 0 4
0 0.058988 0 0 0
0 0.36811 0 0.869586 0
0 0 0 0 0
0 0 0 0 0
0 0 0 0 0
0.37834 0 0 0 -4
0 0 0 0 0
0 0 0 0 0
0 0 0 0 0
-0.029735 0 0 0 0
0 0 0 0 0
0 0 0 0 0
0 0 0 0 0
0 1.33109033333333 1.393229 0.648162 4
0 0 0 3.146105 4
0 0 0 1.336234 4
0 0 0 0.770317 0
0 0 0 0.936176 0
0 0 0 0 0
0 0 0 0 0
0 0 0 0.049037 0
0.338711 0 0 0.856692 0
0 0 0 0 0
0 0 0 0 0
0 0 0 0 4
0 0 1.919924 0.080246 0
0 0 0 0 0
0 0 0 0 0
0 0 0 0 0
0.923362 1.304955 0 1.1964685 4
-0.6126775 0 0.101715 1.160093 -5.2
1.7709395 0.2501965 1.077617 0.675526 1.2
1.012862 0 0.20877 0.689926 -5.824
1.895121 0.753139 0.401086 0.6832905 1.6
0 0 0 0 0
0 0.008377 0.121914 0.239902 0
0.025506 0 0.125832 3.006946 7.336
0.770061 0.918283 1.4164905 -0.037927 0
0 0 0 0 0
0 0 0 0 0
0 0 0 0 0
0.691087 2.027073 0 1.20935725 -4
0 0 0 0 0
0 0 0 0 0
0 0 0 0 0
0.948715666666667 0.28647275 1.26848 1.724982 1.2
0 0 0 0 0
0 0 0 0 0
0 0 0 0 0
0 0 0 0 0
0 0 0 0 0
0 0 0 0 0
0 0 0 0 0
0 0 0 0 0
0 0 0 0 0
0 0 0 0 0
0 0 0 0 0
0 0 0 0 0
0 0 0 0 0
0 0 0 0 0
0 0 0 0 0
0 0 0 0 0
0.9225565 0.7155555 1.75448925 1.299028 -7.51141925
0 0 0 0 0
0 0 1.301471 0.327167 0
0.515087 0.159967 0 0.134389 0
0 0 0 0 0
2.41675 2.519356 2.152285 1.086682 -0.795904
0 0 0 0 4
0 0 0.43001 0.660599 -4
0 0 0 0 0
0 0 0 0 0
2.694659 0.913711 0 1.497779 4.73344
0.578936 0 0.523584 0 -4
0 0 0 0 0
0 0 0 0 0
0 0 0 0 0
3.56554 2.291228 3.47874025 3.237868 6.988096
0 0.277275 0 1.11358375 4
0 0.411086 0 0 4
0 0 0 0 -4
0.160792 0.572599 0 0 -4
0 0 0 0 0
0.5053 0 0.362099 0.31669 0
0.921127 0 0 0.86792475 4
2.0878895 0 0.132671 0 -4
0 0 0 0 0
0 0 0 0 0
0 0 0 0.34688 7.84
1.961075 0 0 0 0
0 0 0 0 0
0 0 0 0 0
0 0 0 0 0
1.325515 2.459158 0.967206 0.870742 0
0.193431 0 0 0.293968 0
0 1.301566 0 0 0
0.184938 0 1.237795 0.038225 4
0.29989 0 0 0.625111 -4
0 0 0 0 0
0 0 0 0.465496 0
0 0 0 0.211 -4
0 0.128999 0 0 0
0 0 0 0 0
0 0 0 0 0
0 1.913297 0 0 0
0.506976 0 0 1.35214 0
0 0 0 0 0
0 0 0 0 0
0 0 0 0 0
0.676166 1.19242 0.324447 3.01075225 6.4
0 0 0.587366 0 0
0 0.339602 0 0 0
0 0 0 0.498257 -7.84
0.565389 0 0 1.228321 4
0 0 0 0 0
0 0.106935 0.312716 0 4
0 0 0 0 0
1.060899 0 0.036498 0.458502 0
0 0 0 0 0
0 0 0 0 0
0 0 0 0 6.4
0 0 0 0 6.4
0 0 0 0 0
0 0 0 0 0
0 0 0 0 0
1.288966 1.79798066666667 1.102934 0.794484 -4
0 0.532723 0 0 0
0.202497 0 0 1.381017 0
0 0 1.107044 0 0
0 0 0 0 0
0 0 0 0 0
0 0 0 0 0
0 0 0 0 0
0 0 0 1.32983 0
0 0 0 0 0
0 0 0 0 0
0 0 0 0 0
0 0 0 0 0
0 0 0 0 0
0 0 0 0 0
0 0 0 0 0
1.58649925 0.692433 0 2.2799205 4
0 0 0 0 4
0 0 0 0.894104 0
0 0 0 0 0
0.349346 0 0 0 0
0 0 0 0 0
1.08233 0 0 0 0
0 0 0 0 0
0.7197995 0 0 0 0
0 0 0 0 0
0 0 0 0 0
0 0.619456 0 0 0
0.543945 0 0 0 0
0 0 0 0 0
0 0 0 0 0
0 0 0 0 0
0.333122 1.758504 0 1.190643 0
0 0.369869 0 0.663151 -7.84
1.994661 0.212686 0 0 0
0 0 1.409433 0.492767 0
0 0 0 0 0
0 0 0 0 0
0 0 0 0 0
0 0 0 0 0
1.512021 0 0 0 0
0 0 0 0 0
0 0 0 0 0
0 0 0 0.896695 0
0 0 0 0 0
0 0 0 0 0
0 0 0 0 0
0 0 0 0 0
0 0 0 0 0
0 0 0 0 -4
0.239394 0 0 0.236822333333333 0
0 0 0 0 0
0 0 0 0 0
0 0 0 0 0
0 0 0 0 0
0 0 0 0 0
0.149453 0 0 0.483664666666667 0
0 0 0 0 0
0 0 0 0 0
0 0 0 0 0
0 0 0 0 0
0 0 0 0 0
0 0 0 0 0
0 0 0 0 0
0 0 0 2.706379 4
0.509764 0.209111 0 0 -4
0.144351 0 1.067258 0.524884 2.6
1.4541995 0 0.50937 1.21815875 -6.976
0.84422875 0 0 0.97697225 2.8672
0 0 0 0 0
0.316721 0 0 0 -0.2
0 0 0 0 6.4
0.3529245 0 0.4176315 0.577762 4
0 0 0 0 0
0 0 0 0 0
0 0 0 0 0
0.90257 0 0 2.882833 1.6
0 0 0 0 0
0 0 0 0 0
0 0 0 0 0
0.257246 3.067092 0.430807 0.53353725 4
0 0 0 0 0
0 0 0 0 0
0 0 0 0 0
0 0 0 0 0
0 0 0 0 0
0 0 0 0 0
0 0 0 0 0
0 0 0 0 0
0 0 0 0 0
0 0 0 0 0
0 0 0 0 0
0 0 0 0 0
0 0 0 0 0
0 0 0 0 0
0 0 0 0 0
0 1.005167 0 0 0
0 0 0 0 0
0 0 0 0 0
0 0 0 0 0
0 0 0 0 0
0 0 0 0 0
0 0 0 0 0
0 0 0 0 0
0 0 0 0 0
0 0 0 0 0
0 0 0 0 0
0 0 0 0 0
0 0 0 0 0
0 0 0 0 0
0 0 0 0 0
0 0 0 0 0
0.304772 0 0 0 0
1.19674725 0.77896425 0.893932 1.122505 -7.680346
0.516088 0 0 0.264653 0
0 0 0 0.34832 0
0 0 0 0 0
0 0 0 0 0
1.22228175 1.02574675 0.934822 1.351164 3.3856
0 0 0 0 4
0 0 0 0.161573 0
0 0 0 0 0
0 0 0 0 0
2.524032 1.073111 1.19064 2.372543 3.904
0 0 0 0 0
0 0 0 0 0
0 0 0 0 0
0 0 0 0 0
3.54412475 2.636232 2.1181 3.900273 8.21152
0 0.103965 0 1.088788 -4
0.557763 0 0 0 0
0 0 0 0 0
0.182559 0 0 0 0
0 0 0 0 0
1.213667 0.19931 0 1.411916 4
0 0.661868 0 0 4
1.069151 0 0 0.13293 4
0 0 0 0 0
0 0 0 0 0
0 0 0 1.894205 0
2.00921 0.330256 0 0 0
0 0 0 0 0
0 0 0 0 0
0 0 0 0 0
0 0 0 0.257854 -4
0 0 0 0.213315 0
0.691408 0 0.916835 0.351751 0
0 0 0 0 0
0.100625 0 0 0 0
0 0 0 0 0
1.407763 0 0 0.273896 0
0 0 0 0 0
0 0.007347 0 0.511248 0
0 0 0 0 0
0 0 0 0 0
0 0 0 1.20511 0
0 0 0 0 4
0 0 0 0 0
0 0 0 0 0
0 0 0 0 0
0.732662 0 0.12162 1.457603 4
0 0 0 0 0
0 0 0 0 0
0 0 0 0 0
0 1.789238 0 0.107945 0
0 0 0 0 0
0 0 0 0 4
2.233974 0 0 0 -4
0 0 0 0.243405666666667 0
0 0 0 0 0
0 0 0 0 0
0 0 0 0 4
0 0 0 0 0
0 0 0 0 0
0 0 0 0 0
0 0 0 0 0
0 0.086093 0 2.036758 6.4
0 0 0 0 0
0 0 0 0 -4
0 0 0 0 0
0 0.082897 0 0 0
0 0 0 0 0
0 0 0.970751 0 0
0 0 0 -0.023791 0
0 0 0 0 0
0 0 0 0 0
0 0 0 0 0
1.643953 0.536501 0 0 0
0 0 0 0 0
0 0 0 0 0
0 0 0 0 0
0 0 0 0 0
0 0 0 0 4
0 0 0 0.483734 0
0 0 0 0.398293 0
0 0 0 0 -4
0 -0.301034 0 0.617316333333333 0
0 0 0 0 0
0 0 0 0 0
0 0 0 0 0
0 0 1.050905 0 0
0 0 0 0 0
0 0 0 0 0
0 0 0 0 0
0 0 0 0 0
0 0 0 0 0
0 0 0 0 0
0 0 0 0 0
0 0 0 0 0
0 0 0 0 0
0 0.145985 0 0.66055625 0
0 0 0 0 0
0.792588 0 1.193553 1.642168 -4
0 0 0 0 0
0 0 0 0.536219666666667 0
0 0 0 0 0
0 0 0 0 0
0 0 0 0 0
0 0 0 0 0
0 0 0 0 0
0 0 0 0 0
0 0 0 0 0
0 0 0 0 0
0 0 0 0 0
0.152529 0 0 0 0
0.321501 0 0 -0.341421 -6.4
0.162979 0.204505 0 0.48197275 -4
0.063798 0 0 0.613986 -6.09856
0.43526875 -0.051128 1.93358025 1.264292 -4.96
0 0 0 0 0
0 0 0 0 0
0 0 0 0 0
3.217961 0 0.485206 0.402209 0
0 0 0 0 0
0 0 0 0 0
0.136995 0 0 0 0
0 0.276842 0.372881 1.333867 -1.2
0 0 0 0 0
0 0 0 0 0
0 0 0 0 0
1.2 0.46283875 0 2.428434 3.04
0 0 0 0 0
0 0 0 0 0
0 0 0 0 0
0 0 0 0 0
0 0 0 0 0
0 0 0 0 0
0 0 0 0 0
0 0 0 0 0
0 0 0 0 0
0 0 0 0 0
0 0 0 0 0
0 0 0 0 0
0 0 0 0 0
0 0 0 0 0
0 0 0 0 0
0 0 0 0 0
0 0 0 0 0
0 0 0 0 0
0 0 0 0 0
0 0 0 0 0
0 0 0 0 0
0 0 0 0 0
0 0 0 0 0
0 0 0 0 0
0 0 0 0 0
0 0 0 0 0
0 0 0 0 0
0 0 0 0 0
0 0 0 0 0
0 0 0 0 0
0 0 0 0 0
0 0 0 0.00362 0
0 0 0 0 0
0 0 0 0 0
0 0 0 0 0
0 0 0 0 0
0 0 0 0 0
0 0 0 0 0
0 0 0 0 0
0 0 0 0 0
0 0 0 0 0
0 0 0 0 0
0 0 0 0 0
0 0 0 0 0
0 0 0 0 0
0 0 0 0 0
0 0 0 0 0
0 0 0 0 0
0.886382 0.282197 0.721474 0.7423165 -8.7077325
0 0 0 0 0
0 0 0 0 0
0 0 0 0 0
0 0 0 0 0
3.003458 2.807963 0.517015 3.104326 4.4224
0 0 1.905219 0 0
0 0 0 0 0
0 0 0 0 0
0 0 0 0 0
1.19258225 1.175498 2.413051 1.509013 1.872
0 0 0 2.49350625 6.4
0 0 0 0 0
0 0 0 0 0
0 0 0 0 0
0.967528 1.2032815 1.40549775 2.0019235 -3.41463
0.482723 0 0 0 4
2.044024 0 0 1.321077 0
0 0 0 0.690288 0
0 0 0.27227 0.264881 0
0 0 0 0 0
0 0 1.251366 2.659278 4
0 0 0 0 4
0 0 0 0 0
0 0 0 0 0
0 0 0 0 0
0 0 0 0 0
1.19356 0 0 0.961747 4
0 0 0 0 0
0 0 0 0 0
0 0 0 0 0
1.660055 -0.121886 0 0 0
0 0 0.641783 0.085493 0
0 0 0 0.98258125 0
1.191832 0 0 0 4
0 0 0 1.126234 -4
0 0 0 0 0
0 0 0 1.195285 0
0 0 0 0 0
1.180006 0 0 0 4
0 0 0 0 0
0 0 0 0 0
2.152876 1.247266 0 0 -4
0.764707 0.907295 0 0 0
0 0 0 0 0
0 0 0 0 0
0 0 0 0 0
0 0.314332 0 0.39078675 0
0.653839 0 0 0.298618 0
0.364706 0 0 0 0
0 0 0 0.113223 -4
0 0 0 0.419502 0
0 0 0 0 0
0 0 0 0 0
0 0 0 0 0
0 0 0 0 0
0 0 0 0 0
0 0 0 0 0
0 0.198257 0 0 0
2.986712 1.21919566666667 0 1.847093 0
0 0 0 0 0
0 0 0 0 0
0 0 0 0 0
0 0 0 0 0
0 0 0.017939 0 0
0 0 0 0 4
1.215669 0 0 0 0
0 0 0 -0.130945 0
0 0 0 0 0
0 0 0 0 0
0 0 0 0 0
0 0 0 -0.180196 0
0 0 0 0 0
0 0 0 0 0
0 0 0 0 0
0 0 0 0 0
0 0 0 0 0
0 0 0 0 0
0 0 0 0 0
-0.173436 0.416612 0.213263 0 0
0 0 1.731319 0 0
0 0 0 0 0
0 0 0 0 0
0 0 0 0 0
0 0 0 0 0
0 0 0 0 4
0 0 0 0 0
0 0 0 0 0
0 0 0 0 0
0 0 0 0 0
0 0 0 0 0
0 0.438748 0 0 0
0 0 0 0 0
0 0 0 0 0
0 0 0 0 0
0 0 0 0 0
1.10581 0 0 0.368917 0
0.86381 0.924469 2.134988 1.64910675 -4
-0.377209 -0.134426 0 1.365566 4.272
0.69721875 -0.079646 0 0.9327565 -4
0 0 0 0 0
0 0 0.584851 0 0
0 0 0 0.624562 0
1.229788 0 0.679714 1.304936 9.222401
0 0 0 0 0
0 0 0 0 0
0 0 0 0 0
0 0 0 -0.025844 1.6
0 0 0 0 0
0 0 0 0 0
0 0 0 0 0
2.08997725 0.919431 0 2.299941 -1.6
0 0 0 0 0
0 0 0 0 0
0 0 0 0 0
0 0 0 0 0
0 0 0 0 0
0 0 0 0 0
0 0 0 0 0
0 0 0 0 0
0 0 0 0 0
0 0 0 0 0
0 0 0 0 0
0 0 0 0 0
0 0 0 0 0
0 0 0 0 0
0 0 0 0 0
0 0 0 0 0
0 0 0 0 0
0 0 0 0 0
0 0 0 0 0
0 0 0 0 0
0 0 0 0 0
0 0 0 0 0
0 0 0 0 0
0 0 0 0 0
0 0 0 0 0
0 0 0 0 0
0 0 0 0 0
0 0 0 0 0
0 0 0 0 0
0 0 0 0 0
0 0 0 0 0
0 0 0 0 0
0 0 0 0 0
0 0 0 0 0
0 0 0 0 0
0 0 0 0 0
0 0 0 0 0
0 0 0 0 0
0 0 0 0 0
0 0 0 0 0
0 0 0 0 0
0 0 0 0 0
0 0 0 0 0
0 0 0 0 0
0 0 0 0 0
0 0 0 0 0
0 0 0 0 0
0 0 0 0 0
0 0 0 0 0
0 0 0 0 0
0 0 0 0 0
0 0 0 0 0
0 0 0 0 0
0 0 0 0 0
0 0 0 0 0
0 0 0 0 0
0 0 0 0 0
0 0 0 0 0
0 0 0 0 0
0 0 0 0 0
0 0 0 0 0
0 0 0 0 0
0 0 0 0 0
0 0 0 0 0
1.2059425 0.864735 0.741431 0.984535 -6.4
1.194023 0 2.335318 0 -4
0 0 0 0.835638 0
0 0 0 0 0
0 0 0 0 0
2.461908 0.289878 0.463488 1.271698 0
0.097598 1.199962 0 0 4
0 0 0 0 0
0 0 0 0 0
0 0 0 0 0
1.030523 1.594605 -0.020304 1.18807925 3.776
0 0 0 0 0
0 0 0 0 0
0 0 0 0 0
0 0 0 0 0
1.462398 1.744614 1.424606 1.299947 4.031232
0 0 0 0 0
0 0 0 0 0
0.461615 0 0 0 0
0 0 0 0 0
0 0 0 0 0
0 1.206244 1.22605 2.005015 6.4
0.167976 0.317542 0 0 0
0 0 0 0 0
0 0 0 0 0
0 0 0 0 0
0 1.094957 0 0 4
0 0 0 0 0
0 0 0 0 0
0 0 0 0 0
0 0 0 0 0
0 0 0 0 4
0.487649 0 0 0 0
0 0 0 0 0
0 1.068717 0 0 0
0 0 0 0 0
0 0 0 0 0
0 0 0 0.105162 4
0 0 0 0 0
0 0 0 2.023665 0
0 0 0 0 0
0 0 0 0 0
0 0 0 0 0
0 0 0.266306 0.783745 0
0 0 0 0 0
0 0 0 0 0
0 0 0 0 0
0.703803 0.183098 0 0 0
0 0 0 0 0
0 0 0 0 0
0 0 0 0 0
0 0 0.423346 0 4
0 0 0 0 0
0 0 0 0 0
0 0 0 0 0
0 0 0 0 0
0 0 0 0 0
0 0 0 0 0
0 0 0 0 0
0 0 0 0 0
0 0 0 0 0
0 0 0 0 0
0 0 0 0 0
0 0 0 0 0
0.405202 0 0 0 0
0.060235 0 0 0 -4
0 0 0 0 -4
0 0 0 0 0
0 0 0 0 0
0 0 0 0 0
0 0 0 0 4
0.649345 0 0 3.340017 0
0 0 0 0 0
0 0 0 0 0
0 0 0 0 0
0 0 0 0 -4
0 0 0 0 0
0 0 0 0 0
0 0 0 0 0
0 0 0 0.496619 0
0.172286 0 0 0 0
1.733232 1.57112 0 0.547785 -4.30336
0 -0.233702 1.434825 0.845933 0
0.6808655 0.344632 0.596863 0.6436695 -4
0 0 0 0 0
0 0 0 0 4
0 0 0 0 0
0.61902225 0 2.59723 2.617409 4
0 0 0 0 0
0 0 0 0 0
0 0 0 0 0
0.357443 -0.09551 0 0 0
0 0 0 0 0
0 0 0 0 0
0 0 0 0 0
0.68114 1.985582 0.679892 0.4720555 4
0 0 0 0 0
0 0 0 0 0
0 0 0 0 0
0 0 0 0 0
0 0 0 0 0
0 0 0 0 0
0 0 0 0 0
0 0 0 0 0
0 0 0 0 0
0 0 0 0 0
0 0 0 0 0
0 0 0 0 0
0 0 0 0 0
0 0 0 0 0
0 0 0 0 0
0 0 0 0 0
0 0 0 0 0
0 0 0 0 0
0 0 0 0 0
0 0 0 0 0
0 0 0 0 0
0 0 0 0 0
0 0 0 0 0
0 0 0 0 0
0 0 0 0 0
0 0 0 0 0
0 0 0 0 0
0 0 0 0 0
0 0 0 0 0
0 0 0 0 0
0 0 0 0 0
0 0 0 0 0
0 0 0 0 0
0 0 0 0 0
0 0 0 0 0
0 0 0 0 0
0 0 0 0 0
0 0 0 0 0
0 0 0 0 0
0 0 0 0 0
0 0 0 0 0
0 0 0 0 0
0 0 0 0 0
0 0 0 0 0
0 0 0 0 0
0 0 0 0 0
0 0 0 0 0
0 0 0 0 0
0 0 0 0 0
0 0 0 0 0
0 0 0 0 0
0 0 0 0 0
0 0 0 0 0
0 0 0 0 0
0 0 0 0 0
0 0 0 0 0
0 0 0 0 0
0 0 0 0 0
0 0 0 0 0
0 0 0 0 0
0 0 0 0 0
0 0 0 0 0
0 0 0 0 0
0 0 0 0 0
0 0 0 0 0
0 0 0 0 0
0 0 0 0 0
0 0 0 0 0
0 0 0 0 0
0 0 0 0 0
0 0 0 0 0
0 0 0 0 0
0 0 0 0 0
0 0 0 0 0
0 0 0 0 0
0 0 0 0 0
0 0 0 0 0
0 0 0 0 0
0 0 0 0 0
0 0 0 0 0
-0.303364 0 1.5006 1.260032 -5.53792
2.55254 0 0 0 0
0 0 0 0 0
0 0 0 0 0
0 0 0 0 0
0.8879935 0.740377 0 0.36006 3.04
1.273609 1.185492 0 0 0
0.901345 0 0 0.001647 0
0 0 0 0 0
0 0 0 0 0
1.7495125 1.686658 1.670121 2.382672 3.04
0 1.505726 0 0 0
0 0 0 0 0
0 0 0 0 0
0 0 0 0 0
2.892972 0.496814 1.141942 2.085924 -1.6
0.382472 0 0 0.253547 0
0.942604 0 0 0 4
0 0 0 0 0
0 0 0 0 0
0 0 0 0 0
0 -0.021888 0 0 0
0.412855 0 0.836323 0 4
0 0 0 0 0
0 0 0 0 0
0 0 0 0 0
2.286652 0 0 0 5.44
0 0 0 0 0
0 0 0 0 0
0 0 0 0 0
0 0 0 0 0
0 0 0 0 0
0 0 -0.021606 0 0
0 0 0 0 0
0.085113 0 0 0 0
0 0 0 0 0
0 0 0 0 0
0 0 0 0 0
0 0 0 0 0
0 0 0 0 0
0 0 0 0 0
0 0 0 0 0
0 0 0 0 5.8
0 0 0 0 0
0 0 0 0 0
0 0 0 0 0
0 0 0 0 0
2.686536 0 0 1.213543 4
0 0 0 0 0
0 0 0 0 0
0 0 0 0 0
0 0 0.220807 0 -6.4
0 0 0 0 0
0 0 0 0 0
0 0 0 0 4
0 0 0 0 0
0 0 0 0 0
0 0 0 0 0
0 0 0 0 0
0 0 0 0 4
0 0 0 0 0
0 0 0 0 0
0 0 0 0 0
0 0 0 0 0
0.187171 0.010899 1.554363 0.035882 -6.4
1.132636 0.353556 -0.477679 0.35461 0
0 0 0 1.211638 4
0.41437 0.467047 0.150223 1.643179 -4
0 0 0 0 0
0 0 0 0 0
1.196473 0 0 0.314925 4
0 0 0 0 0
0 0 0 0 0
0 0 0 0 0
0 0 0 0 0
0 0 0 0.700745 0
0 0 0 0 0
0 0 0 0 0
0 0 0 0 0
0.220104 0.545322 0.57924 1.118601 2.02666666666667
0 0 0 0 0
0 0 0 0 0
0 0 0 0 0
0 0 0 0 0
0 0 0 0 0
0 0 0 0 0
0 0 0 0 0
0 0 0 0 0
0 0 0 0 0
0 0 0 0 0
0 0 0 0 0
0 0 0 0 0
0 0 0 0 0
0 0 0 0 0
0 0 0 0 0
0 0 0 0 0
0 0 0 0 0
0 0 0 0 0
0 0 0 0 0
0 0 0 0 0
0 0 0 0 0
0 0 0 0 0
0 0 0 0 0
0 0 0 0 0
0 0 0 0 0
0 0 0 0 0
0 0 0 0 0
0 0 0 0 0
0 0 0 0 0
0 0 0 0 0
0 0 0 0 0
0 0 0 0 0
0 0 0 0 0
0 0 0 0 0
0 0 0 0 0
0 0 0 0 0
0 0 0 0 0
0 0 0 0 0
0 0 0 0 0
0 0 0 0 0
0 0 0 0 0
0 0 0 0 0
0 0 0 0 0
0 0 0 0 0
0 0 0 0 0
0 0 0 0 0
0 0 0 0 0
0 0 0 0 0
0 0 0 0 0
0 0 0 0 0
0 0 0 0 0
0 0 0 0 0
0 0 0 0 0
0 0 0 0 0
0 0 0 0 0
0 0 0 0 0
0 0 0 0 0
0 0 0 0 0
0 0 0 0 0
0 0 0 0 0
0 0 0 0 0
0 0 0 0 0
0 0 0 0 0
0 0 0 0 0
0 0 0 0 0
0 0 0 0 0
0 0 0 0 0
0 0 0 0 0
0 0 0 0 0
0 0 0 0 0
0 0 0 0 0
0 0 0 0 0
0 0 0 0 0
0 0 0 0 0
0 0 0 0 0
0 0 0 0 0
0 0 0 0 0
0 0 0 0 0
0 0 0 0 0
0 0 0 0 0
0 0 0 0 0
0 0 0 0 0
0 0 0 0 0
0 0 0 0 0
0 0 0 0 0
0 0 0 0 0
0 0 0 0 0
0 0 0 0 0
0 0 0 0 0
0 0 0 0 0
0 0 0 0 0
0 0 0 0 0
0 0 0 0 0
0 0 0 0 0
0 0 0 0 0
0 0 0 0 0
2.0606695 0.923564 0.612722 1.4907515 -0.724736
0 0 0 0 0
0 0 0 0 0
0 0 0 1.062345 0
0 0 0 0 0
1.14004375 1.773442 0.44714 1.980735 -0.16
0 0 0 0 4
0 0 0 0 0
0 0 0 0 0
0 0 0 0 0
1.463112 0 2.333436 1.592606 4
0 0 0 0 0
0 0 0 0 0
0 0 0 0 0
0 0 0 0 0
1.410382 0 0 0.59452 -3.5776
0 0 0 0 0
0 0 0 0 0
1.22102 0 0 0 0
0 0 0.0406 0.135332 0
0 0 0 0 0
0 0 0 0 0
-0.017197 0 0 0 0
0.349076 0 0 0.1067 0
0 0 0 0 0
0 0 0 0 0
0 1.454852 0.773402 1.660866 0
0 0 0 0 0
0 0 0 0 0
0 0 0 0 0
0 0 0 0 0
0 0 0 1.184327 0
0 0 -0.083612 0 0
0 0 0 0 0
0.605438 0 0 0 -1.6
0 0 1.81804 0 0
0 0 0 0 0
0 0.349814 0 0 0
0 0 0 0 0
0 0 0 0 0
0 0 0 0 0
0 0 0 0 0
0 0 0 0 0
0 0 0 0 0
0 0 0 0 0
0 0 0 0 0
0 0 0 0 0
0 0.995015 0 0.002297 0
-0.105991 0 -0.827121 0 4
0 0.375439 0 0 -4
0 0 0 1.27990925 0
1.934457 0 0.8295105 3.216147 6.4
0 0 0 0 0
0.039451 0.059457 0 0 0
0 0 0 0 0
0 0 0 0.567821 0
0 0 0 0 0
0 0 0 0 0
0 0 0 0 0
0.420703666666667 0 0 0.336679 0
0 0 0 0 0
0 0 0 0 0
0 0 0 0 0
0.368936 0.388146 1.156738 0.654978 6.76
0 0 0 0 0
0 0 0 0 0
0 0 0 0 0
0 0 0 0 0
0 0 0 0 0
0 0 0 0 0
0 0 0 0 0
0 0 0 0 0
0 0 0 0 0
0 0 0 0 0
0 0 0 0 0
0 0 0 0 -4
0 0 0 0 0
0 0 0 0 0
0 0 0 0 0
0 0 0 0 0
0 0 0 0 0
0 0 0 0 0
0 0 0 0 0
0 0 0 0 0
0 0 0 0 0
0 0 0 0 0
0 0 0 0 0
0 0 0 0 0
0 0 0 0 0
0 0 0 0 0
0 0 0 0 0
0 0 0 0 0
0 0 0 0 0
0 0 0 0 0
0 0 0 0 0
0 0 0 0 0
0 0 0 0 0
0 0 0 0 0
0 0 0 0 0
0 0 0 0 0
0 0 0 0 0
0 0 0 0 0
0 0 0 0 0
0 0 0 0 0
0 0 0 0 0
0 0 0 0 0
0 0 0 0 0
0 0 0 0 0
0 0 0 0 0
0 0 0 0 0
0 0 0 0 0
-0.130659 0 0 0 0
0 0 0 0 0
0 0 0 0 0
0 0 0 0 0
0 0 0 0 0
0 0 0 0 0
0 0 0 0 0
0 0 0 0 0
0 0 0 0 0
0 0 0 0 0
0 0 0 0 0
0 0 0 0 0
0 0 0 0 0
0 0 0 0 0
0 0 0 0 0
0 0 0 0 0
0 0 0 0 0
0 0 0 0 0
0 0 0 0 0
0 0 0 0 0
0 0 0 0 0
0 0 0 0 0
0 0 0 0 0
0 0 0 0 0
0 0 0 0 0
0 0 0 0 0
0 0 0 0 0
0 0 0 0 0
0 0 0 0 0
0 0 0 0 0
0 0 0 0 0
0 0 0 0 0
0 0 0 0 0
0 0 0 0 0
0 0 0 0 0
0 0 0 0 0
0 0 0 0 0
0 0 0 0 0
0 0 0 0 0
0 0 0 0 0
0 0 0 0 0
0 0 0 0 0
0 0 0 0 0
0 0 0 0 0
0 0 0 0 0
0 0 0 0 0
0 0 0 0 0
0 0 0 0 0
0 0 0 0 0
0 0 0 1.464676 0
0 0 0 0 0
0 0 0 0 0
0 0 0 0 0
0 0 0 0 0
0 0 0 0 0
0 0 0 0 0
0 0 0 0 0
0 0 0 0 0
0 0 0 0 0
0 0 0 0 0
0 0 0 0 0
0 0 0 0 0
0 0 0 0 0
0 0 0 0 0
0 0 0 0 0
1.505468 1.6789475 0 1.1281165 1.48
0 0 1.471907 0 0
0 0 0 0 0
0.428052 0 0.268594 0.465197 -4
0 0 0 0 0
1.95927 0 1.812087 0 4
1.158371 0 0 0.771749 4
-0.048169 0 0 1.193573 0
0 0 0 0 0
0 0 0 0 0
0.62642 0 2.276995 1.249444 4
0 0 0 0 0
0 0 0 0 0
0 0 0 0 0
0 0 0 0 0
1.1364265 1.5345255 1.27735533333333 1.262421 4
0 0 0 0 4
0 0 0 0 0
0 0 0 0 0
0.590923 0.780237 0 0.522819 0
0 0 0 0 0
0 0 0.91151 0 -4
0 0 0 0.456225 0
0 0 0 0 0
0 0 0 0 0
0 0 0 0 0
0 0 1.29659 0 0
0 0 0 0 0
0 0 0 0 0
0 0 0 0 0
0 0 0 0 0
2.175719 0.146238 0 0 0
1.101613 0 0 -0.294684 0
0.780379 0 0 0 0
0 0 0.184451 0 0
0.573782 0.579814 0.495906 0.992736 -4.8
0 0 0 0 0
0 0 0 0 0
0 0 0 1.082808 0
0 0.612794 0.574202 0.608447 0
0 0 0 0 0
0 0 0 0 0
1.79324 0 0 0 4
0.504078 0 0 0.401775 0
0 0 0 0 0
0 0 0 0 0
0 0 0 0 0
0 0 0 1.169513 -2.4
0 0 0 0 0
0 0 0 0 0
0 0 0 0 0
0 0 0 0 0
0 0 0 0 0
0 0 0 0 0
0 0 0 0 0
0 0 0 0 0
0 0 0 0 0
0 0 0 0 0
0 0 0 0 0
0 0 0 0 0
0 0 0 0 0
0 0 0 0 0
0 0 0 0 0
0 0 0 0 0
0 0 0 0 0
0 0 0 0 0
0 0 0 0 0
0 0 0 0 0
0 0 0 0 0
0 0 0 0 0
0 0 0 0 0
0 0 0 0 0
0 0 0 0 0
0 0 0 0 0
0 0 0 0 0
0 0 0 0 0
0 0 0 0 0
0 0 0 0 0
0 0 0 0 0
0 0 0 0 0
0 0 0 0 0
0 0 0 0 0
0 0 0 0 0
0 0 0 0 0
0 0 0 0 0
0 0 0 0 0
0 0 0 0 0
0 0 0 0 0
0 0 0 0 0
0 0 0 0 0
0 0 0 0 0
0 0 0 0 0
0 0 0 0 0
0 0 0 0 0
0 0 0 0 0
0 0 0 0 4
0 0 0 0 0
0 0 0 0 0
0 0 0 0 0
0 0 0 0 0
0 0 0 0 0
0 0 0 0 0
0 0 0 0 0
0 0 0 0 0
0 0 0 0 0
0 0 0 0 0
0 0 0 0 0
0 0 0 0 0
0 0 0 0 0
0 0 0 0 0
0 0 0 0 0
0 0 0 0 0
0 0 0 0 0
0 0 0 0 0
0 0 0 0 0
0 0 0 0 0
0 0 0 0 0
0 0 0 0 0
0 0 0 0 0
0 0 0 0 0
0 0 0 0 0
0 0 0 0 0
0 0 0 0 0
0 0 0 0 0
0 0 0 0 0
0 0 0 0 0
0 0 0 0 0
0 0 0 0 -4
0 0 0 0 0
0 0 0 0 0
0 0 0 0 0
0 0 0 0 0
0 0 0 0 0
0 0 0 0 0
0 0 0 0 0
0 0 0 0 0
0 0 0 0 0
0 0 0 0 0
0 0 0 0 0
0 0 0 0 0
0 0 0 0 0
0 0 0 0 0
0 0 0 0 0
0 0 0 0 0
0 0 0 0 0
0 0 0 0 0
0 0 0 0 0
0 0 0 0 0
0 0 0 0 0
0 0 0 0 0
0 0 0 0 0
0 0 0 0 0
0 0 0 0 0
0 0 0 0 0
0 0 0 0 0
0 0 0 0 0
0 0 0 0 0
0 0 0 0 0
0 0 0 0 0
0 0 0 0 0
0 0 0 0 0
0 0 0 0 0
0 0 0 0 0
0 0 0 0 0
0 0 0 0 0
2.273868 0 0 0 0
0 0 0 0 0
0 0 0 0 0
0 0 0 0 0
0 0 0 0 0
0 0 0 0 0
0 0 0 0 0
0 0 0 0 0
0 0 0 0 0
0 0 0 0 0
0 0 0 0 0
1.709478 0.96336 1.160495 1.848389 -7.48
0 0 0 0 0
0 0 0 0.512694 0
-0.359679 0 0 0 -4
0 0 0 0 0
0 0 0.361645 1.6266175 4
0 0 0 0 0
0 0 0 0 0
0 0 0 0 0
0 0 0 0 0
1.798147 0 1.305096 0 6.4
1.110231 0 0 0 4
0 0 0 0 0
0 0 0 0 0
0 0 0 0 0
1.9471125 0.048037 0.02393 0 -4.96
0 0.579878 0 0.538775 -4
0.049442 0.592736 0 0.142884 0
0.627193 0 0 -0.873861 -4
0.530927 0.587607 0 0.660767 -1.533441
0 0 0 0 0
0.261209 0 0 1.079905 4
0 0 0 0 0
0 0 0 1.447224 4
0 0 0 0 0
0 0 0 0 0
2.025312 0 0 3.309168 0
2.174739 0 0 1.272616 0.2
0 0 0 0 0
0 0 0 0 0
0 0 0 0 0
1.5928515 0 0.396187 2.8554065 4.6
0 0 0 0 0
0 0 0 0 0
0 0 0 0 0
0 0 0 0 0
0 0 0 0 0
0 0 0 0 0
0 0 0 0 0
0 0 0 0 0
0 0 0 0 0
0 0 0 0 0
0 0 0 0 0
0 0 0 0 0
0 0 0 0 0
0 0 0 0 0
0 0 0 0 0
0 0 0 0 4
0 0 0 0 0
0 0 0 0 0
0 0 0 0 0
0 0 0 0 0
0 0 0 0 0
0 0 0 0 0
0 0 0 0 0
0 0 0 0 0
0 0 0 0 0
0 0 0 0 0
0 0 0 0 0
0 0 0 -0.01344 0
0 0 0 0 0
0 0 0 0 0
0 0 0 0 0
0 1.226229 0 0 0
0 0 0 0 0
0 0 0 0 0
0 0 0 0 0
0 0 0 0 0
0 0 0 0 0
0 0 0 0 0
0 0 0 0 0
0 0 0 0 0
0 0 0 0 0
0 0 0 0 0
0 0 0 0 0
0 0 0 0 0
0 0 0 0 0
0 0 0 0 0
0 0 0 0 0
3.366343 0 1.146391 2.4976045 0
0 0 0 0 0
0 0 0 0 0
0 0 0 0 0
0 0 0 0 0
0 0 0 0 0
0 0 0 0 0
0 0 0 0 0
0 0 0 0 0
0 0 0 0 0
0 0 0 0 0
0 0 0 0 0
0 0 0 0 0
0 0 0 0 0
0 0 0 0 0
0 0 0 0 0
0 0 0 0 0
0 0 0 0 0
0 0 0 0 0
0 0 0 0 0
0 0 0 0 0
0 0 0 0 0
0 0 0 0 0
0 0 0 0 0
0 0 0 0 0
0 0 0 0 0
0 0 0 0 0
0 0 0 0 0
0 0 0 0 0
0 0 0 0 0
0 0 0 0 0
0 0 0 0 0
0 0 0 0 0
0 0 0 0 0
0 0 0 0 0
0 0 0 0 0
0 0 0 0 0
0 0 0 0 0
0 0 0 0 0
0 0 0 0 0
0 0 0 0 0
0 0 0 0 0
0 0 0 0 0
0 0 0 0 0
0 0 0 0 0
0 0 0 0 0
0 0 0 0 0
0 0 0 0 0
0 0 0 0 0
0 0 0 0 0
0 0 0 0 0
0 0 0 0 0
-0.099174 0 0 0 0
0 0 0 0 0
0 0 0 0 0
0 0 0 0 0
0 0 0 0 0
0 0 0 0 0
0 0 0 0 0
0 0 0 0 0
0 0 0 0 0
0 0 0 0 0
0 0 0 0 0
0 0 0 0 0
0 0 0 0 0
0 0 0 0 0
0 0 0 0 0
0 0 0 0 0
0 0 0 0 0
0 0 0 0 0
0 0 0 0 0
0 0 0 0 0
0 0 0 0 0
0 0 0 0 0
0 0 0 0 0
0 0 0 0 0
0 0 0 0 0
0 0 0 0 0
0 0 0 0 0
0 0 0 0 0
0 0 0 0 0
0 0 0 0 0
0 0 0 0 0
0 0 0 0 0
0 0 0 0 0
0 0 0 0 0
0 0 0 0 0
0 0 0 0 0
0 0 0 0 0
0 0 0 0 0
0 0 0 0 0
0 0 0 0 0
0 0 0 0 0
0 0 0 0 0
0 0 0 0 0
0 0 0 0 0
0 0 0 0 0
1.388273 0.3507545 0.181944 2.23607625 3.2955615
0.270907 0.973464 0 0.81975 -4
1.280134 0 0 0 4.4224
-0.3763475 0.09501 0.791617 0.4041595 -8.91136
0 0 0 0 0
3.12065575 -0.664459 1.1338235 3.853057 8.272
1.94204 2.562391 0 0 0
0.709805 1.465997 0 1.155786 0
0 0 0 0 0
0 0 0 0 0
3.055219 3.834791 1.827752 2.81242 8.704
0.718394 0.75918725 0.912 2.63352 5.824
0 0 0 0 0
0 0 0 0 0
0 0 0 0 0
1.63140775 3.951574 1.6855 2.87344075 1.791155
