3.2256628 1.573128 2.0202734 1.583231 -1.635104
0.934452 0.865471 0 1.793154 0
1.157441 0.724329 0.922746 0.72355 -4
0.979986 0 1.093722 2.0287664 4
0.306396 0 0 0 0
3.319314 2.944062 4.077595 3.507226 8.033855
1.689605 1.763974 0.4215052 0.779761 -2.96
2.0691126 2.4192484 1.744641 1.540444 5.2
0.787901 3.735255 0.697041 0.867357 -5.728
0 0 0 0 0
1.9567134 1.5376568 1.2770384 2.682285 -4.2915822
1.8497362 0.97758 2.517626 1.257357 -3.776
3.517752 4.008874 3.693258 1.972981 3.149072
0 0 0 0 0
0 0 0 0 0
3.756001 4.942719 4.5800894 4.097597 9.697472
1.048646 0 0.797878 1.9413 -4
1.161054 1.580866 0.957547 1.374918 -3.04
0.665429 0.806607 0.930364 1.754727 -6.4
1.742529 0.953053 2.694946 1.475035 -4.48
0.676261 0 0 0 0
2.714903 0.625196 0 1.034117 1.6
2.279213 0.531575 0.903788 0.577593 0
3.7805154 1.642873 2.2319474 1.993292 5.7664
0.63547 1.059463 0 1.133035 0.3584
0 0 0 1.46021 0
2.658253 2.076349 0.548481 1.292801 5.35296
2.120781 0.734909 1.4290412 1.6505526 -1.6
2.0397278 3.782799 2.57187 1.894402 3.6292032
0 0 0 0 0
0 0 0 0 0
3.2612942 4.2277778 1.207805 3.076997 9.346816
0.779584 1.1371774 0.374362 2.291503 -6.688
0.817057 1.36547 1.938539 1.01214 0
0.931143 0.708454 0.737828 2.476714 -2.295552
1.7283878 2.348958 1.758405 1.106097 -8.33536
0 0 0 2.881984 0
1.877596 0 0 1.702294 -4.96
0.888659 0.368686 0.42884 1.0052472 -4
2.2007204 0 0 2.569052 7.264
2.880735 1.998093 2.530607 2.8975884 3.67872
0 0 0 0 0
0 0.846929 0 3.673711 -4
1.98905 2.672556 1.187633 1.7011036 6.4
1.1504966 1.240477 1.451689 1.938091 -0.198042
0 0 0 0 0
0 0 0 0 0
2.341898 1.875024 3.5082334 1.6951164 3.904
0.302163 1.232563 0 0.9446388 -6.016
0.376924 0 0 0.924747 0.736
1.7683418 0.8802588 1.281535 1.515978 1.6
0.700304 0.602272 0 1.327648 0
0 0 0 0 0
1.153553 0 0 2.078809 4
4.376697 0.460524 0.349771 0.823462 0
1.0514938 0 0 1.85065 0
0.556386 0 0.767993 0.729488 0
0 0 0 0 0
0 0.699218 0.70766 0.860483 4
2.672598 0.578145 2.383353 0.971985 7.84
0.7952258 0.652236 0.869568 1.2248184 -5.92
0 0 0 0 0
0 0 0 0 0
2.6036616 2.2767638 0.737577 1.8498204 -6.4
0.591542 0.643706 0.639402 2.091699 -4
0.29859 0 0 0.992038 -9.720064
0.685919 1.405408 1.1599692 1.036997 -4
0.535369 0 0.5891892 1.059815 -2.2784
0 0 0 0 0
0.371104 0.566785 0 0.915278 0
1.544296 0 0.475922 0.542934 4
1.305438 1.676279 0.492465 1.928821 0.64
0.308579 0 0 0 0
0 0 0 0 0
1.6238274 0.969563 0 2.242936 0
1.717188 1.1376066 0 1.580874 0
1.996597 0 0 1.9020932 6.4
0 0 0 0 0
0 0 0 0 0
2.1146752 3.718314 1.5675856 3.1697414 1.330227
0.561146 1.068912 0 0 -5.2
0.62693 0.263649 0 0.281614 -6.4
0.890122 0.5393078 0.514579 1.461759 3.296
0.970863 0.208491 0.434202 0 -4
0 0 0 0 0
0.496918 1.898825 0 0 4
0.292345 0 0 0.933441 4
2.65726 0 1.029749 1.911448 5.44
0 0 0 0 0
0 0 0 0 0
0 0 0 0.730612 0
0 0 1.299524 0 7.84
0.042251 0 0 0.047168 0
0 0 0 0 0
0 0 0 0 0
1.777369 0.547528 0.505915 2.6721146 1.6
0.212687 0.072552 0.151899 4.198812 0
0.266022 0.34761 0 1.743051 4
1.123798 1.021399 1.110632 1.561273 -6.976
0.8072 0.894643 0.328843 0.8106524 -4.48
0 0 0 0 0
0.238482 0.810723 0 0.242238 0
1.005803 0.125708 0 0 -4
1.65637075 0.493619 0 0.5356508 6.4
0 0 0 0 0
0 0 0 0 0
0.414509 0 0 0.903536 0
0.327961 0 0.3495 0.707683 4
0 0 0 0 0
0 0 0 0 0
0 0 0 0 0
1.3887072 1.516989 0.546318 1.331277 2.88
0 0.8996242 0.465626 1.5967246 1.76
0.204387 0.499322 1.056747 0.403814 0
0.806487 0.585523 0 2.058492 -5.88288
0.771592 0 0.568465 0 -3.616
0 0 0 0 0
1.834107 0 0 0.225873 4
0 1.205502 0 0 0
0 0 2.0091426 3.0218774 6.4
0 0 0 0 0
0 0 0 0 0
0 0 0 0 0
0.9161112 0 0 2.326553 0
0 0 0 0 0
0 0 0 0 0
0 0 0 0 0
1.132928 0 3.510878 2.982684 -1.6
0 1.201045 1.395132 0.342282 0
0.155797 0.309922 0 0.4880576 -1.184
1.004849 0 0.118902 1.355473 -4
0.292746 0.652585 0 0.9452442 -6.4
0 0 0 0 0
0.741705 0 0 0.168703 0
0 0 0 0 6.4
1.105152 2.278991 1.206814 2.912922 7.552
0 0 0 0 0
0 0 0 0 0
0 0 0.042762 1.151183 0
0.278253 0.94589 0.384107 0.518108 0
0 0 0 0 0
0 0 0 0 0
0 0 0 0 0
1.3232048 0.736629 0 0.908461 0
0.122352 0.142712 0.664128 0.904049 -2.5216
1.439516 1.033755 1.060965 1.7522254 0.872898
1.026912 1.1586794 0.849423 0.47098 -4.3249318
-0.028865 -0.074864 0.871946 0.9009912 -0.015545
0 0 0 0 0
1.322492 0 0.537471 0.492192 1.6
0.7733406 2.6235712 2.933572 2.8054526 -0.347881
2.36068 1.7329892 0.874086 2.22004 5.208832
0 0 0 0 0
0 0 0 0 0
0.519493 0.729599 2.083828 3.4023652 9.872349
3.308914 3.723655 1.7991242 3.671715 9.035548
0 0 0 0 0
0 0 0 0 0
0 0 0 0 0
3.463192 2.6779766 2.507717 2.5208902 6.521158
0 0 0 0 0
0 0 0 0 0
0 0 0 0 0
0 0 0 0 0
0 0 0 0 0
0 0 0 0 0
0 0 0 0 0
0 0 0 0 0
0 0 0 0 0
0 0 0 0 0
0 0 0 0 0
0 0 0 0 0
0 0 0 0 0
0 0 0 0 0
0 0 0 0 0
0 0 0 0 0
1.0361974 1.1279716 0.945084 1.823992 -7.324848
1.071029 0.601671 0 1.407509 0
0.527599 1.636452 1.351264 1.564726 0
0 0.4922974 0 1.483831 0
0 0 0 0 0
1.9568302 2.976029 2.3824934 3.0943044 -3.303843
0 1.193518 0.878348 0.36247 -4
0.645382 1.5209412 2.291782 0.885822 -1.6
0 0 0 0 0
0 0 0 0 0
1.2309016 1.5705606 1.9031674 2.619563 0.489086
1.413686 0.641282 0 1.281268 0.16
0 0 0 0 0
0 0 0 0 0
0 0 0 0 0
3.290183 2.0541542 2.287242 2.6017076 2.131809
0 1.080569 0.729163 0.9370596 -4
0.5893586 1.316797 0.382313 0.6159868 -7.84
1.984259 1.050456 1.382917 1.511509 -6.976
1.7691282 1.092487 0 0.66054 4
0 0 0 0 0
1.749591 0.669605 1.310499 1.019381 0
1.1383994 0 0.708059 0.525962 4.48
1.164973 0.8681004 0.714136 1.281607 -4
0 0 0 0 0
0 0 0 0 0
1.205631 1.093703 0 1.916183 4
0.908811 3.425608 0.842814 3.268381 -4
0 0 0 0 0
0 0 0 0 0
0 0 0 0 0
1.7563948 2.915273 1.367296 3.743264 7.4944
0.308466 0.562992 0.321148 2.1009372 -6.4
2.59874 1.400097 0.371147 1.1466204 6.4
1.0659088 2.304302 0.442352 0.754704 -6.976
0.445356 1.010853 0 3.1124414 -4
0 0 0 0 0
0.828678 0.616273 0.624907 0.617903 4.288
2.33718 1.028791 0 0.45331 0
3.757027 2.046303 0 1.647648 -2.272
0 0 0 0 0
0 0 0 0 0
0 1.126884 0 0 1.76
1.464169 0 0 1.404645 0
0 0 0 0 0
0 0 0 0 0
0 0 0 0 0
2.7029098 1.738661 2.883274 2.8325008 5.44
0.500789 0 0 0 -7.84
0.980343 0.853801 0 0.347533 -4.288
0.788198 0.296439 0.281786 1.178738 -4
1.0188958 0.436134 0 0 -3.04
0 0 0 0 0
0 0.668186 0 0.42653 -4
0.896315 0 0.490381 0.76135 0
0 0.730857 0.685263 2.595686 6.4
0 0 0 0 0
0 0 0 0 0
0.705347 0 0.330861 0 0
0.96508 1.500064 0 2.428115 -4
0 0 0 0 0
0 0 0 0 0
0 0 0 0 0
2.0375268 1.777318 1.120597 3.4726482 4.05376
0 0.579178 0 0 0
0.833629 1.197909 0 0.716742 4
0.550615 0.332274 3.236998 0.827408 -4.131584
1.185086 0 0 0 -4
0 0 0 0 0
0 0 0 0.410268 0
0.445829 0.472494 0 1.6609 4
0.796357 0 0 0.6532956 0
0 0 0 0 0
0 0 0 0 0
1.233457 0 0 0 0
1.5167062 0.7587882 0 1.827926 0
0 0 0 0 0
0 0 0 0 0
0 0 0 0 0
2.962729 1.3762452 1.418896 2.385139 6.4
0.95876 0.217517 0.852782 1.6662972 0
0.282769 0.19047 0.32025 0.208383 0.64
0 0 0 0.159804 -6.4
0.762009 0 0 1.395471 5.088
0 0 0 0 0
0 0 0 0.444277 4
0 0.678189 0.391353 0 0
1.155868 0.689936 0 1.145758 0
0 0 0 0 0
0 0 0 0 0
0 0 0 0 0
0.767573 0 0 1.384184 0
0 0 0 0 0
0 0 0 0 0
0 0 0 0 0
1.151092 0.540353 0 1.388781 0
0.322252 0 0 0.347456 0
0.7022038 0 0 0.483543 6.4
0.83645 0.24525 0 0.743911 0
0 1.195175 0.898796 1.091217 0
0 0 0 0 0
0.491939 0 1.64224 0.634595 0
0.051831 0 0 0.256604 4
1.684545 1.2 0 0.5431594 4.48
0 0 0 0 0
0 0 0 0 0
0 0 0 0.55661 4
0 1.954824 0 1.4306578 4
0 0 0 0 0
0 0 0 0 0
0 0 0 0 0
1.608615 3.605818 0.493083 1.627565 6.4
0.568575 0 0.354763 -0.008233 0
0.363817 0 0 0.6396368 -4
0.597423 0.155733 0 2.284778 -0.704
1.530318 0.571154 0.166499 0.538446 -6.4
0 0 0 0 0
0.252236 0.224089 0 1.565025 -1.76
0 0 0 0.22783 0
0.593944 0 0 0.829413 4
0 0 0 0 0
0 0 0 0 0
0 0 0 0 0
0.9175242 0.704117 0 1.141962 0
0 0 0 0 0
0 0 0 0 0
0 0 0 0 0
1.561864 0 1.137596 2.144764 -4
0.3443582 0.487271 -0.260384 0.216052 -7.264
0.985311 1.4477462 1.41312 2.0704558 1.45551
2.0745784 2.3711668 1.1374874 2.7750464 1.414001
1.7456112 0.710966 3.163269 1.344207 0.098961
0 0 0 0 0
0 0.747336 1.918201 1.724509 0
1.201873 1.365091 0.203346 1.6199802 -1.6
1.190673 1.0425704 1.9377096 1.165022 5.970413
0 0 0 0 0
0 0 0 0 0
0 0 0.550369 0 4
1.406281 2.2722496 2.7226 3.039855 9.844465
0 0 0 0 0
0 0 0 0 0
0 0 0 0 0
2.8959418 3.805084 3.2437742 2.090669 9.062319
0 0 0 0 0
0 0 0 0 0
0 0 0 0 0
0 0 0 0 0
0 0 0 0 0
0 0 0 0 0
0 0 0 0 0
0 0 0 0 0
0 0 0 0 0
0 0 0 0 0
0 0 0 0 0
0 0 0 0 0
0 0 0 0 0
0 0 0 0 0
0 0 0 0 0
0 0 0 0 0
0 0 0 0 0
0 0 0 0 0
0 0 0 0 0
0 0 0 0 0
0 0 0 0 0
0 0 0 0 0
0 0 0 0 0
0 0 0 0 0
0 0 0 0 0
0 0 0 0 0
0 0 0 0 0
0 0 0 0 0
0 0 0 0 0
0 0 0 0 0
0 0 0 0 0
0 0 0 0 0
0.7799518 1.3472576 1.098468 1.439896 -3.430404
0 0.84573 0 1.243178 -4
0.312047 0 0 0 0
0 0.299114 0 1.627754 -4
0 0 0 0 0
1.143237 4.301611 3.0665506 3.8388978 9.931473
0 0.845326 0 1.925918 0
0 0 0 0 0
0 0 0 0 0
0 0 0 0 0
1.074105 1.751503 1.61967 0.9838888 3.4975344
0.963258 2.228882 2.305476 1.680175 0
0 0 0 0 0
0 0 0 0 0
0 0 0 0 0
4.4443834 3.7186184 3.5336558 4.646602 9.971964
3.361624 0.330219 0 1.006988 3.776
0 0.593752 0.780855 0.381742 -5.6
0.995284 0.559927 0 0.86597 -1.6
0.598565 0 0 1.27883575 -4
0 0 0 0 0
1.122286 1.215026 0 0.843996 6.4
2.1007178 0.726982 0 0.099726 -4
0 0.518329 0 0.476719 -4
0 0 0 0 0
0 0 0 0 0
2.533477 1.736954 0 2.093646 5.92
1.2383514 0.532373 0 1.29129 0
0 0 0 0 0
0 0 0 0 0
0 0 0 0 0
1.715019 0.949805 1.180385 3.294682 6.8608
1.084418 0.578912 1.058357 1.7281574 0
0.413576 0 0 0 -6.4
0.240726 0.972967 0 0.4308774 -6.4
0.184756 1.445587 0 0.235904 4.9856
0 0 0 0 0
1.592824 0 1.374182 1.199746 6.4
0 0.418223 0 1.193822 4
1.146129 0.373947 0 0.248212 1.6
0 0 0 0 0
0 0 0 0 0
0 1.244225 0 1.196525 0
0.751718 1.302863 0 1.367971 4
0 0 0 0 0
0 0 0 0 0
0 0 0 0 0
0.971265 1.5750292 1.888518 1.49853 0
0 1.131166 0 1.0161346 -7.552
0 0.333232 0 1.294795 6.4
0 0 1.084786 0 -5.088
0.3530276 0 0 0 -1.6
0 0 0 0 0
0.252734 0 0 0 0
0 0 0 0 0
0.672 0 0 0.4004026 1.6
0 0 0 0 0
0 0 0 0 0
0 0 0 0.197048 4
0 0 0.846194 0.642373 0
0 0 0 0 0
0 0 0 0 0
0 0 0 0 0
2.8714794 2.372399 0 3.394871 7.84
0 0 0.46878 0 0
0 0 1.12656 0.8644144 -4
0.125402 0.859851 0 0 -4.96
0.519021 0.151246 0 1.241331 1.6
0 0 0 0 0
0 0 0 0.235688 0
0 0 0 0.496984 -1.6
0.55605 0 0 0 0
0 0 0 0 0
0 0 0 0 0
0 0.40723 0 1.995214 0
1.484728 0 0 0 0
0 0 0 0 0
0 0 0 0 0
0 0 0 0 0
3.733529 2.624978 0 2.081483 5.92
2.046885 0.383367 0 0 0
0.20676 0.46156 0.5032458 0.298206 2.944
1.215699 1.69709 0 0 0
0.394549 1.195833 1.11774 1.478533 -4
0 0 0 0 0
0 0 0.598702 0.898836 0
1.081638 0 0.170848 0.336396 0
0.511221 0 0 0 -4
0 0 0 0 0
0 0 0 0 0
0 0 0 0 0
0 0 0 1.286287 0
0 0 0 0 0
0 0 0 0 0
0 0 0 0 0
1.143752 0 0 1.305633 6.4
1.142312 0 0.908442 0.169528 -5.3632
0 0 0.523218 0.988394 -4
0.697809 0.913951 0 2.001354 6.4
1.313901 0 1.985635 0.661192 -5.8
0 0 0 0 0
0 0 0 0 0
0 0 0.816562 0 0
0 0 0.996981 0.475943 6.4
0 0 0 0 0
0 0 0 0 0
0.272223 2.28301 0 0 0
0 0 0 0 0
0 0 0 0 0
0 0 0 0 0
0 0 0 0 0
1.8225864 0 0 2.286924 0
-0.217467 0.995725 0.39883 0.8425214 6.4
0.4107386 0.336517 0.224295 0.4571594 -5.212501
2.397067 1.3021564 0.44664 1.232033 -0.561335
2.1603116 1.572885 4.1880016 2.307069 -0.9008104
0 0 0 0 0
0.707848 0 0.394964 0.6798412 -0.416
2.521396 0 0 2.409626 2.2784
2.1183102 0.145923 0.998425 1.280644 1.533441
0 0 0 0 0
0 0 0 0 0
0 0 0 0.712181 4
2.6761232 1.012275 0.494706 0.8533944 1.6
0 0 0 0 0
0 0 0 0 0
0 0 0 0 0
2.8829228 2.6495612 3.3531 2.1820314 7.4080096
0 0 0 0 0
0 0 0 0 0
0 0 0 0 0
0 0 0 0 0
0 0 0 0 0
0 0 0 0 0
0 0 0 0 0
0 0 0 0 0
0 0 0 0 0
0 0 0 0 0
0 0 0 0 0
0 0 0 0 0
0 0 0 0 0
0 0 0 0 0
0 0 0 0 0
2.124514 0 0 0 0
0 0 0 0 0
0 0 0 0 0
0 0 0 0 0
0 0 0 0 0
0 0 0 0 0
0 0 0 0 0
0 0 0 0 0
0 0 0 0 0
0 0 0 0 0
0 0 0 0 0
0 0 0 0 0
0 0 0 0 0
0 0 0 0 0
0 0 0 0 0
0 0 0 0 0
0 0 0 0 0
0 0 0 0 0
0 0 0 0 0
0 0 0 0 0
0 0 0 0 0
0 0 0 0 0
0 0 0 0 0
0 0 0 0 0
0 0 0 0 0
0 0 0 0 0
0 0 0 0 0
0 0 0 0 0
0 0 0 0 0
0 0 0 0 0
0 0 0 0 0
0 0 0 0 0
0.022476 0 0 0 0
1.329863 0.764481 1.208124 1.715592 -3.6957256
0.973031 0 0 0 -4
0 0 0 0.495488 -4
0.314098 1.55959 0.377818 0.760556 4
0 0 0 0 0
1.1173842 1.8985262 1.427113 1.2661536 -1.440538
0.495289 0.471309 0 0 4
0 0 0 2.750978 0
0 0 0 0 0
0 0 0 0 0
4.015548 1.942438 4.655016 3.252757 8.330752
0.622932 0 0 1.7639216 0
0 0 0 0 0
0 0 0 0 0
0 0 0 0 0
3.7473456 3.39802 1.129239 3.3344292 8.1856
0.808432 1.987525 0 0.344329 4
0.544184 0.618217 0 1.656344 0
0 0.466405 0.595937 0.204089 -4
0.400967 0 0 0.639935 -2.88
0 0 0 0 0
2.91955 0.170421 1.191054 2.400568 0
1.619787 0.152322 0 0.698023 -6.4
0 0 1.28883 0 0
0 0 0 0 0
0 0 0 0 0
0.199385 1.056319 0 1.469669 6.4
1.22874 1.182412 3.882148 1.631631 4.48
0 0 0 0 0
0 0 0 0 0
0 0 0 0 0
2.461938 2.4328004 0 2.6790178 5.3657604
0 0 0 0 4.96
0.652268 0 0 0 0
0.60057 0 0 0.591715 -4
0 1.325153 0 1.492549 4
0 0 0 0 0
0 0 0 1.209148 4
0.311817 0 0 0 4
0 0 0.728342 0.1245998 4
0 0 0 0 0
0 0 0 0 0
0 0 0 0.042479 0
0 0 0 0 0
0 0 0 0 0
0 0 0 0 0
0 0 0 0 0
1.563491 0 2.049847 0.473716 0
0 0.536796 0 0.198555 0
0 0 0 0.033372 0
0 0 0 0 -4
0 0.29543 1.172947 0.66257 0
0 0 0 0 0
0 0.274414 0 0 4
0 0 0 0 -4
0 0.517287 1.4786006 0.867296 0
0 0 0 0 0
0 0 0 0 0
1.798676 0 0 0 0
0.3442 0 0 0 4
0 0 0 0 0
0 0 0 0 0
0 0 0 0 0
1.166338 1.2006 1.495662 1.9483264 5.92
-0.101539 0 0 0.9112066 0
0.50366 0 0 0.219111 1.6
0.561105 0 0 0.612185 -4
1.113309 0.427527 0.47597 0.062197 -4
0 0 0 0 0
0 0 0 0 4
0 0 0 0 0
2.141095 0.357656 0 0 0
0 0 0 0 0
0 0 0 0 0
0 0 0 0 -4
1.12792 0 0 0 0
0 0 0 0 0
0 0 0 0 0
0 0 0 0 0
1.906164 -0.290411 0 3.044755 -4
1.314121 0 0 0 0
0 0 0.573088 0.457913 -6.4
0.3463868 0 0 0.465523 -8.704
0.791666 0 0 0.688701 0
0 0 0 0 0
0 0 0 0 0
0 0 0 0 0
0 0.85542575 0 1.223566 4
0 0 0 0 0
0 0 0 0 0
0 0 0 1.601228 0
0 0.222712 0 0 0
0 0 0 0 0
0 0 0 0 0
0 0 0 0 0
0.123863 0 0 0 0
0.5600822 0 1.945421 1.034118 -3.17824
0.664653 0.902239 0.23547 0.2828106 -8.704
0.825457 0.614159 0.9523794 0.477984 -6.976
1.459689 0.600451 0 1.2041176 1.029369
0 0 0 0 0
0.305777 1.305297 0 1.244095 2.496
1.364659 0 0 0.30306 6.976
2.9573836 2.0804666 1.867037 3.0906772 4.443136
0 0 0 0 0
0 0 0 0 0
0 0 0 2.8051544 6.4
4.066572 1.920955 2.161291 1.400336 9.222401
0 0 0 0 0
0 0 0 0 0
0 0 0 0 0
2.7712336 0 1.2021702 1.8055932 0
0 0 0 0 0
0 0 0 0 0
0 0 0 0 0
0 0 0 0 0
0 0 0 0 0
0 0 0 0 0
0 0 0 0 0
0 0 0 0 0
0 0 0 0 0
0 0 0 0 0
0 0 0 0 0
0 0 0 0 0
0 0 0 0 0
0 0 0 0 0
0 0 0 0 0
0 0 0 0 0
0 0 0 0 0
0 0 0 0 0
0 0 0 0 0
0 0 0 0 0
0 0 0 0 0
0 0 0 0 0
0 0 0 0 0
0 0 0 0 0
0 0 0 0 0
0 0 0 0 0
0 0 0 0 0
0 0 0 0 0
0 0 0 0 0
0 0 0 0 0
0 0 0 0 0
1.198992 0 0 0 0
0 0 0 0 0
0 0 0 0 0
0 0 0 0 0
0 0 0 0 0
0 0 0 0 0
0 0 0 0 0
0 0 0 0 0
0 0 0 0 0
0 0 0 0 0
0 0 0 0 0
0 0 0 0 0
0 0 0 0 0
0 0 0 0 0
0 0 0 0 0
0 0 0 0 0
0 0 0 0 0
0 0 0 0 0
0 0 0 0 0
0 0 0 0 0
0 0 0 0 0
0 0 0 0 0
0 0 0 0 0
0 0 0 0 0
0 0 0 0 0
0 0 0 0 0
0 0 0 0 0
0 0 0 0 0
0 0 0 0 0
0 0 0 0 0
0 0 0 0 0
0 0 0 0 0
0 0.657291 0 0 0
1.0290934 0.9777426 1.535702 1.455218 -6.162538
0 0 0 0 0
0 0 0 0 0
0 0 0 0 0
0 0 0 0 0
2.6411956 1.948616 2.05821 1.850699 -6.266064
0.455988 0 0 1.002777 0
1.324338 2.962571 0 1.632554 0
0 0 0 0 0
0 0 0 0 0
2.740237 2.3469608 2.2654176 4.171027 8.579351
0 0 0 0.549378 0
0 0 0 0 0
0 0 0 0 0
0 0 0 0 0
2.9090416 2.2538036 2.0819354 2.764952 3.904
0 0 0 0 0
0 0 0 0 0
0.178195 0 0 2.069971 0
1.456681 0 0 0.452409 0
0 0 0 0 0
0 1.2 0 0 4
1.2391132 0 0 0.647756 0
0.445042 0 0 0.857838 0
0 0 0 0 0
0 0 0 0 0
0 0.068855 0 0.303329 1.6
0 1.170569 0 0.415781 4
0 0 0 0 0
0 0 0 0 0
0 0 0 0 0
0 0.790812 0 1.5736754 0
0 0 0.119397 0 0
0 0 0 0 -4
0 0 0 0 -4
0.214907 0.510642 0 0 0
0 0 0 0 0
1.14184 0.789767 0.655913 0 0
0.412324 0.389992 0 0.914444 -4
0 0.153926 0 0 0
0 0 0 0 0
0 0 0 0 0
0 0 0 0.63565 6.4
0.514125 0 0 0.801179 0
0 0 0 0 0
0 0 0 0 0
0 0 0 0 0
2.463742 0 1.069513 0.690749 0.704
0 1.632707 0 0.426342 0
0 0 0 0 0
0 0 0 0 0
0.282301 0 0 0 0
0 0 0 0 0
0 0 0 0 4
1.015343 0 0 0 0
0 0 0 0.383872 -4
0 0 0 0 0
0 0 0 0 0
0 0.15347 0 0.032492 6.4
0.735679 0.199423 0 0 4
0 0 0 0 0
0 0 0 0 0
0 0 0 0 0
2.486974 0 0.586057 2.888762 1.76
-0.068179 0 0 0 0
0 0 0 1.407437 4
0 0.80839 0 0 1.6
0 0 0 0 0
0 0 0 0 0
0 0 0 1.043629 -4
1.125605 0 0 0 0
0 0 0 0 0
0 0 0 0 0
0 0 0 0 0
0 0 0 0 0
0.308973 0.39945 0 0 0
0 0 0 0 0
0 0 0 0 0
0 0 0 0 0
2.672083 0 1.155055 1.804992 5.44
1.4320198 -0.423316 1.076007 0.823632 -0.48
0.822973 0.798885 0.983023 1.092115 1.9179008
0.051363 0 1.497848 1.278307 -1.438981
0.723937 0.087587 0.629125 -0.192272 -1.199209
0 0 0 0 0
0 0 0 0 4
0.902015 0 0 1.109323 6.4
0.859269 1.66083 -0.003185 3.160253 7.784604
0 0 0 0 0
0 0 0 0 0
0 0 0 0 -4
0.38104 0.920889 0 1.005239 -6.976
0 0 0 0 0
0 0 0 0 0
0 0 0 0 0
4.228778 0.032042 1.306684 4.754005 9.742458
0 0 0 0 0
0 0 0 0 0
0 0 0 0 0
0 0 0 0 0
0 0 0 0 0
0 0 0 0 0
0 0 0 0 0
0 0 0 0 0
0 0 0 0 0
0 0 0 0 0
0 0 0 0 4
0 0 0 0 0
0 0 0 0 0
0 0 0 0 0
0 0 0 0 0
2.200767 0 0.267368 0 0
0 0 0 0 0
0 0 0 0 0
0 0 0 0 0
0 0 0 0 0
0 0 0 0 0
0 0 0 0 0
0 0 0 0 0
0 0 0 0 4
0 0 0 0 0
0 0 0 0 0
0 0 0 0 0
0 0 0 0 0
0 0 0 0 0
0 0 0 0 0
0 0 0 0 0
0 0 0 0 0
0 0 0 0 0
0 0 0 0 0
0 0 0 0 0
0 0 0 0 0
0 0 0 0 0
0.873745 0 0 0 0
0 0 0 0 0
0 0 0 0 0
0 0 0 0 0
0 0 0 0 0
0 0 0 0 0
0 0 0 0 0
0 0 0 0 0
0 0 0 0 0
0 0 0 0 0
0 0 0 1.583642 0
0 0 0 0 0
0 0 0 0 0
0 0 0 0 0
0 0 0 0 0
0 0 0 0 0
0 0 0 0 0
0 0 0 0 0
0 0 0 0 0
0 0 0 0 0
0 0 0 0 0
0 0 0 0 0
0 0 0 0 0
0 0 0 0 0
0 0 0 0 0
0 0 0 0 0
0 0 0 0 0
0 0 0 0 0
0 0 0 0 0
0 0 0 0 0
0 0 0 0 0
0 0 0 0 0
0 0 0 0 0
0 0 0 0 0
0 0 0 0 0
0 0 0 0 0
0 0 0 0 0
0 0 0 0 0
0 0 0 0 0
0 0 0 0 0
0 0 0 0 0
0 0 0 0 0
0 0 0 0 0
2.468274 2.1125656 1.0210076 1.264392 7.2105178
0 0.789205 0.601833 0.678508 0
0 1.543843 0 0 0
0 0 0 0.232331 0
0 0 0 0 0
2.251128 1.4616294 2.8457302 2.228761 4.08448
1.692964 0 0 0 0
0.45384 1.508951 0.822625 1.049813 0
0 0 0 0 0
0 0 0 0 0
2.244951 1.923783 0 2.3904084 6.5344
1.74002 0 0 0.782893 0
0 0 0 0 0
0 0 0 0 0
0 0 0 0 0
2.6806018 3.9339358 2.294813 2.6103914 9.366789
0 0 0 0 -4
0 0 0 0 1.088
0 0 0 0 0
1.252654 0.393098 0.649935 1.02074 -4
0 0 0 0 0
0.149286 0.157953 0 0.238356 0
0 0 0 0 4
0 0 0.820975 1.72316 0
0 0 0 0 0
0 0 0 0 0
0.54709 0 0 0.918057 -4
0 1.893672 0 1.047482 -0.1536
0 0 0 0 0
0 0 0 0 0
0 0 0 0 0
2.52505 0.495606 -0.247138 2.004962 4
0 0.696776 0 1.420569 -4
0 0 0 0 0
0 0 0 0 0
0.348872 -0.080219 0.660622 0.163194 -6.4
0 0 0 0 0
0 0 0 0 0
0 0 0 0 -4
0 0 0 0.351206 0
0 0 0 0 0
0 0 0 0 0
0 0 0 0 0
2.262297 -0.754615 0 1.5607244 4
0 0 0 0 0
0 0 0 0 0
0 0 0 0 0
0 1.204955 1.170301 1.683404 8.704
0 0 0 0 0
1.590417 0 0 0.180954 0
0 0 0 0.849636 -4
0.76218 2.603045 1.413385 0.770248 0
0 0 0 0 0
0 0 0 0 0
0.69561 0 0 0 4
1.655361 0 0 0.81527 0
0 0 0 0 0
0 0 0 0 0
0 0 0 0 -4
0 0 0 0 0
0 0 0 0 0
0 0 0 0 0
0 0 0 0 0
3.243397 0.535134 0 3.416079 8.065792
0.24198 -0.217329 0.928579 0.115716 -4.0192
-0.1957134 0 0.395709 1.361365 -2.36032
0.286969 0.086894 0 0.390738 0.305152
1.355524 0.887132 1.426961 1.649598 3.072534
0 0 0 0 0
1.223513 0 0.026299 0 4
0.475021 0 0.744753 0.401014 0
0.608714 0.7795502 0.8239084 1.555054 3.04
0 0 0 0 0
0 0 0 0 0
2.651092 1.726341 0 0 5.92
0.462257 1.543733 0.277935 1.528802 -2.88
0 0 0 0 0
0 0 0 0 0
0 0 0 0 0
1.722563 4.48563 1.907454 3.120733 6.591232
0 0 0 0 0
0 0 0 0 0
0 0 0 0 0
0 0 0 0 0
0 0 0 0 0
0 0 0 0 0
0 0 0 0 0
0 0 0 0 0
0 0 0 0 0
0 0 0 0 0
0 0 0 0 0
0 0 0 0 0
0 0 0 0 0
0 0 0 0 0
0 0 0 0 0
0.650358 0.208222 0.346292 0.306744 -4
0 0 0 0 0
0 0 0 0 0
0 0 0 0 0
0 0 0 0 0
0 0 0 0 0
0 0 0 0 0
0 0 0 0 0
0 0 0 0 0
0 0 0 0 0
0 0 0 0 0
0 0 0 0 0
0 0 0 0 0
0 0 0 0 0
0 0 0 0 0
0 0 0 0 0
0 0 0.060259 0.240634 -4
0 0 0 0 0
0 0 0 0 0
0 0 0 0 0
0 0 0 0 0
0 0 0 0 0
0 0 0 0 0
0 0 0 0 0
0 0 0 0 0
0 0 0 0 0
0 0 0 0 0
0 0 0 0 0
0 0 0 0 0
0 0 0 0 0
0 0 0 0 0
0 0 0 0 0
0.65553 0 0 0 0
0 0 0 0 0
0 0 0 0 0
0 0 0 0 0
0 0 0 0 0
0 0 0 0 0
0 0 0 0 0
0 0 0 0 0
0 0 0 0 0
0 0 0 0 0
0 0 0 0 0
0 0 0 0 0
-0.011476 0 0 0 0
0 0 0 0 0
0 0 0 0 0
0 0 0 0 0
0.485403 0 0 0 0
0 0 0 0 0
0 0 0 0 0
0 0 0 0 0
0 0 0 0 0
0 0 0 0 0
0 0 0 0 0
0 0 0 0 0
0 0 0 0 0
0 0 0 0 0
0 0 0 0 0
0 0 0 0 0
0 0 0 0 0
0 0 0 0 0
0 0 0 0 0
0 0 0 0 0
0 0 0 0 0
0 0 0 0 0
0 0 0 0 0
0 0 0 0 0
0 0 0 0 0
0 0 0 0 0
0 0 0 0 0
0 0 0 0 0
0 0 0 0 0
0 0 0 0 0
0 0 0 0 0
0 0 0 0 0
0 0 0 0 0
0 0 0 0 0
0 0 0 0 0
0 0 0 0 0
0 0 0 0 0
0.744717 1.2671318 2.4546986 0.645993 -0.683087
0 0 0.121619 0 0
0 0 0 0 0
0 0.304705 0 0 -3.04
0 0 0 0 0
2.1285 1.174929 0.263078 3.907287 1.8272542
0 0 0 0 0
0 0.368439 0 0 0
0 0 0 0 0
0 0 0 0 0
1.937819 2.704742 2.325389 2.3000294 6.4
0 0 0.822508 0 0
0 0 0 0 0
0 0 0 0 0
0 0 0 0 0
2.953853 3.1740992 1.5445886 4.273297 1.720065
0 0.989589 1.390279 0 0
0 0.201094 0 0 0
0.542888 0.659926 0 1.351027 0
0.797597 0.91099 0.55297 1.341414 -1.76
0 0 0 0 0
0 0 0 0 0
0 0 0 0 0
1.167988 0 0.557116 0.871087 0
0 0 0 0 0
0 0 0 0 0
0 0 0 0 0
1.7731362 1.870623 0 1.6851426 4
0 0 0 0 0
0 0 0 0 0
0 0 0 0 0
2.151072 1.819116 1.9295356 2.257594 6.4
0 0 0 0 0
0 0 0 1.291224 -6.4
0 0 0 0 6.4
1.826979 2.645439 -0.097177 0.999607 -4.868608
0 0 0 0 0
0 0 -0.787611 0 0
0 1.752026 0 0 4
0 1.680225 0 0 6.4
0 0 0 0 0
0 0 0 0 0
0 0 0 2.215084 -4
0 0 0 0 0
0 0 0 0 0
0 0 0 0 0
0 0 0 0 0
0.56236 0.616576 1.550684 1.268523 4
0 0.181539 0 0 4
-0.0588012 0 0 2.0433348 4
1.718702 0 0 0 -3.42848
1.8825174 1.361044 1.0208016 1.327545 -0.135834
0 0 0 0 0
0 0 0 0 0
0 0 0 0.888706 4
1.539001 1.63111 1.463358 3.0146198 -4.4229858
0 0 0 0 0
0 0 0 0 0
0 0.479933 0 0 0
3.055398 3.06003966666667 0.6499706 1.435881 8.0128
0 0 0 0 0
0 0 0 0 0
0 0 0 0 0
1.1693568 0 3.1867388 1.337408 8.0034914
0 0 0 0 0
0 0 0 0 0
0 0 0 0 0
0 0 0 0 0
0 0 0 0 0
0 0 0 0 0
0 0 0 0 0
0 0 0 0 0
0 0 0 0 0
0 0 0 0 0
0 0 0 0 0
0 0 0 0 0
0 0 0 0 0
0 0 0 0 0
0 0 0 0 0
0.691389 0.190084 0 0.741977 4.48
0 0 0 0 0
0 0 0 0 0
0 0 0 0 0
0 0 0 0 0
0 0 0 0 0
0 0 0 0 0
0 0 0 0 0
0 0 0 0 0
0 0 0 0 0
0 0 0 0 0
0 0 0 0 0
0 0 0 0 0
0 0 0 0 0
0 0 0 0 0
0 0 0 0 0
0.034218 0.222097 0 0 0
0 0 0 0 0
0 0 0 0 0
0 0 0 0 0
0 0 0 0 0
0 0 0 0 0
0 0 0 0 0
0 0 0 0 0
0 0 0 0 0
0 0 0 0 0
0 0 0 0 0
0 0 0 0 0
0 0 0 0 0
0 0 0 0 0
0 0 0 0 0
0 0 0 0 0
1.559113 0 0 0 0
0 0 0 0 0
0 0 0 0 0
0 0 0 0 0
0 0 0 0 0
0 0 0 0 0
0 0 0 0 0
0 0 0 0 0
0 0 0 0 0
0 0 0 0 0
0 0 0 0 0
0 0 0 0 0
0 0 0 0 0
0 0 0 0 0
0 0 0 0 0
0 0 0 0 0
0 0 0.038957 0.010644 -4
0 0 0 0 0
0 0 0 0 0
0 0 0 0 0
0 0 0 0 0
0 0 0 0 0
0 0 0 0 0
0 0 0 0 0
0 0 0 0 0
0 0 0 0 0
0 0 0 0 0
0 0 0 0 0
0 0 0 0 0
0 0 0 0 0
0 0 0 0 0
0 0 0 0 0
-0.014794 0.067431 0 0.002273 0
0 0 0 0 0
0 0 0 0 0
0 0 0 0 0
0 0 0 0 0
0 0 0 0 0
0 0 0 0 0
0 0 0 0 0
0 0 0 0 0
0 0 0 0 0
0 0 0 0 0
0 0 0 0 0
0 0 0 0 0
0 0 0 0 0
0 0 0 0 0
0 0 0 0 0
0 0 0 0 0
0 0 0 0.906586 0
0 0 0 0 0
0 0 0 0 0
0 0 0 0 0
0 0 0 0 0
0 0 0 0 0
0 0 0 0 0
0 0 0 0 0
0 0 0 0 0
0 0 0 0 0
0 0 0 0 0
0 0 0 0 0
0 0 0 0 0
0 0 0 0 0
0 0 0 0 0
0 0 0 0 0
1.485723 1.262162 1.119848 1.4978136 -7.010374
0.162527 0 0 0 0
0 0 0 0 0
0 0 0 0 0
0 0 0 0 0
0.161829 0.572935 0.856863 1.165306 0.256
0 0 0 0 0
0 0 0 0 0
0 0 0 0 0
0 0 0 0 0
2.124306 1.817223 2.3723216 1.504491 -0.16
0.966757 0 0 1.575982 0
0 0 0 0 0
0 0 0 0 0
0 0 0 0 0
4.076975 3.194793 2.105546 0.618942 9.6080902
0 0 0 0 0
0 0 0 0 0
0 0 0 0 0
0.384162 1.2225346 0 0.314066 0
0 0 0 0 0
0 0 0 0 0
0 1.471366 0 0 0
0 3.312423 0 0 4
0 0 0 0 0
0 0 0 0 0
1.527538 0 0 0 4
0 0.889711 0 0 0
0 0 0 0 0
0 0 0 0 0
0 0 0 0 0
1.159749 1.2 1.190231 2.464524 4
0.5238406 0 0 0.386866 0
0 1.286923 0 1.2076312 6.4
-0.092222 0.637792 0 0.461357 -6.4
2.930117 0.6867804 -0.119538 2.816378 6.441151
0 0 0 0 0
0.754272 0 0.346847 0 0
0 0 0 0.489255 0
1.166244 1.920898 0.600843 2.224998 9.028383
0 0 0 0 0
0 0 0 0 0
0 0 0 0 0
2.060367 1.2616274 2.121703 1.074088 -4
0 0 0 0 0
0 0 0 0 0
0 0 0 0 0
3.891149 1.932939 0.709745 1.338068 6.329958
0 0 0 0 0
0 0 0 0 0
0 0 0 0 0
0 0 0 0 0
0 0 0 0 0
0 0 0 0 0
0 0 0 0 0
0 0 0 0 0
0 0 0 0 0
0 0 0 0 0
0 0 0 0 0
0 0 0 0 0
0 0 0 0 0
0 0 0 0 0
0 0 0 0 0
0.060088 0 0 0.019427 0
0 0 0 0 0
0 0 0 0 0
0 0 0 0 0
0 0 0 0 0
0 0 0 0 0
0 0 0 0 0
0 0 0 0 0
0 0 0 0 0
0 0 0 0 0
0 0 0 0 0
0 0 0 0 0
0.034449 -0.004239 0 1.198493 4
0 0 0 0 0
0 0 0 0 0
0 0 0 0 0
0.027244 0 0 0 0
0 0 0 0 0
0 0 0 0 0
0 0 0 0 0
0 0 0 0 0
0 0 0 0 0
0 0 0 0 0
0 0 0 0 0
0 0 0 0 0
0 0 0 0 0
0 0 0 0 0
0 0 0 0 0
0 0 0 0 0
0 0 0 0 0
0 0 0 0 0
0 0 0 0 0
0 0 0 0 0
0 0 0 0 0
0 0 0 0 0
0 0 0 0 0
0 0 0 0 0
0 0 0 0 0
0 0 0 0 0
0 0 0 0 0
0 0 0 0 0
0 0 0 0 0
0 0 0 0 0
0 0 0 0 0
0 0 0 0 0
0 0 0 0 0
0 0 0 0 0
0 0 0 0 0
0 -0.052657 0 0 0
0 0 0 0 0
0 0 0 0 0
0 0 0 0 0
0 0 0 0 0
0 0 0 0 0
0 0 0 0 0
0 0 0 0 0
0 0 0 0 0
0 0 0 0 0
0 0 0 0 0
0 0 0 0 0
0 0 0 0 0
0 0 0 0 0
0 0 0 0 0
0 0 0 0 0
0 0 0 0 0
0 0 0 0 0
0 0 0 0 0
0 0 0 0 0
0 0 0 0 0
0 0 0 0 0
0 0 0 0 0
0 0 0 0 0
0 0 0 0 0
0 0 0 0 0
0 0 0 0 0
0 0 0 0 0
0 0 0 0 0
0 0 0 0 0
0 0 0 0 0
0 0 0 0 0
0 0 0 0 0
0 0 0 0 0
0 0 0 0 0
0 0 0 0 0
0 0 0 0 0
0 0 0 0 0
0 0 0 0 0
0 0 0 0 0
0 0 0 0 0
0 0 0 0 0
0 0 0 0 0
0 0 0 0 0
0 0 0 0 0
0 0 0 0 0
0 0 0 0 0
0 0 0 0 0
0 0 0 0 0
0 0 0 0 0
0 0 0 0 0
0 0 0 0 0
0 0 0 0 0
0 0 0 0 0
0 0 0 0 0
0 0 0 0 0
0 0 0 0 0
0 0 0 0 0
0 0 0 0 0
0 0 0 0 0
0 0 0 0 0
0 0 0 0 0
0 0 0 0 0
0 0 0 0 0
0 0 0 0 0
0.7450732 0.765694 1.454508 1.269935 -5.614935
0 0 0 0 0
0 0 0 0 0
0 0 0 0.690925 4
0 0 0 0 0
1.2000392 1.150501 0.941239 4.047819 -4
0 0 0 0 0
0 0 0 0 0
0 0 0 0 0
0 0 0 0 0
0.896171 0 0.911377 0.896748 0
0 0 1.395886 0 0
0 0 0 0 0
0 0 0 0 0
0 0 0 0 0
1.862003 1.429771 1.98961 0.23445 2.944
1.290249 0 0 1.575648 -1.6
0.4617418 0 0 0.824753 0
0.955029 0.43497 -0.0453732 0.8365864 0
1.1678878 0.24792 0.966088 1.6938076 -5.28256
0 0 0 0 0
0 0.082219 0.151651 0.330741 0
0.084044 0 0 0 -4
0.532243 1.4395792 0 0.826208 2.272
0 0 0 0 0
0 0 0 0 0
1.493164 0 0 1.824196 4.48
1.7432978 0.288635 0 0.746829 -1.6
0 0 0 0 0
0 0 0 0 0
0 0 0 0 0
2.19531 2.968457 1.335798 1.129692 -5.92
0 0 0 0 0
0 0 0 0 0
0 0 0 0 0
0 0 0 0 0
0 0 0 0 0
0 0 0 0 0
0 0 0 0 0
0 0 0 0 0
0 0 0 0 0
0 0 0 0 0
0 0 0 0 -1.6
0 0 0 0 0
0 0 0 0 0
0 0 0 0 0
0 0 0 0 0
0.069682 0.053568 0 0.287765 -4
0 0 0 0 0
0 0 0 0 0
0 0 0 0 0
0 0 0 0 0
0 0 0 0 0
0 0 0 0 0
0 0 0 0 0
0 0 0 0 0
0 0 0 0 0
0 0 0 0 0
0 0 0 0.604752 4
0 0 0 -0.713838 0
0 0 0 0 0
0 0 0 0 0
0 0 0 0 0
0.229912 0.177643 0 0 -4
0 0 0 0 0
0 0 0 0 0
0 0 0 0 0
0 0 0 0 0
0 0 0 0 0
0 0 0 0 0
0 0 0 0 0
0 0 0 0 0
0 0 0 0 0
0 0 0 0 0
0 0 0 0 0
0 0 0 0 0
0 0 0 0 0
0 0 0 0 0
0 0 0 0 0
0.097494 0.009503 0 0.025865 0
0 0 0 0 0
0 0 0 0 0
0 0 0 0 0
0 0 0 0 0
0 0 0 0 0
0 0 0 0 0
2.518248 0 0 0 0
0 0 0 0 0
0 0 0 0 0
0 0 0 0 0
0 0 0 0 0
0 0 0 0 0
0 0 0 0 0
0 0 0 0 0
0 0 0 0 0
0.3266448 0 0 0 -4
0 0 0 0 0
0 0 0 0 0
0 0 0 0 0
0 0 0 0 0
0 0 0 0 0
0 0 0 0 0
0 0 0 0 0
0 0 0 0 0
0 0 0 0 0
0 0 0 0 0
0 0 0 0 0
0.020851 0 0 0.031678 0
0 0 0 0 0
0 0 0 0 0
0 0 0 0 0
0.002878 0 0 0 -4
0 0 0 0 0
0 0 0 0 0
0 0 0 0 0
0 0 0 0 0
0 0 0 0 0
0 0 0 0 0
0 0 0 0 0
0 0 0 0 0
0 0 0 0 0
0 0 0 0 0
0 0 0 0 0
0 0 0.019473 0.027898 0
0 0 0 0 0
0 0 0 0 0
0 0 0 0 0
0.05759 0.126224 0 0 0
0 0 0 0 0
0 0 0 0 0
0 0 0 0 0
0 0 0 0 0
0 0 0 0 0
0 0 0 0 0
0 0 0 0 0
0 0 0 0 0
0 0 0 0 0
0 0 0 0 0
0 0 0 0 0
0 0 0 0 4.6
0 0 0 0 0
0 0 0 0 0
0 0 0 0 0
0 0 0 0 0
1.306462 0 0 0 0
0 0 0 0 0
0 0 0 0.45924 0
0 0 0 0 0
0 0 0 0 0
0 0 0 0 0
0 0 0 0 4
0 0 0 0 0
0 0 0 0 0
0 0 0 0 0
0 0 0 0 0
0 0 0 0 0
0 0 0 0 0
0 0 0 0 0
0 0 0 0 0
0 0 0 0 0
0.533818 0 0 0 0
0 0 0 0 0
0 0 0 0 0
0 0 0 0 0
0 0 0 0 0
0 0 0 0 0
0 0 0 0 0
0 0 0 0 0
0 0 0 0 0
0 0 0 0 0
0 0 0 0 0
0 0 0 0 0
0 0 0 0 0
0 0 0 0 0
0 0 0 0 0
0 0 0 2.56836 0
1.2087132 1.6353102 2.416145 1.036466 -8.4156322
2.7304436 0 1.845494 0.036439 2.88
0.673841 0.438992 -0.486062 0.8087608 0
1.231086 2.196201 -0.152484 1.0891428 6.801486
0 0 0 0 0
2.774021 2.2941296 2.308698 3.5216708 9.63555
0.8985718 2.517936 1.013203 1.267386 1.6
1.1473026 -0.446703 1.372091 4.047404 8.704
0 0 0 0 0
0 0 0 0 0
0.9445288 0.505523 1.519342 0.9384606 1.5697732
1.620189 2.318507 1.2490778 3.3678916 2.040064
0 0 0 0 0
0 0 0 0 0
0 0 0 0 0
2.3306122 4.3231426 4.4211504 4.654155 9.755404
