2.99177675 4.07198 1.01168 3.16727975 7.548947
1.06011825 0.865471 0 1.195834 -6.4
0.97950125 0.724329 1.029632 0.78137 -2.6
0.979986 1.336988 0 2.966178 5.8
0.827231 0 0 0 -4
1.2807755 1.3038795 1.428558 2.417381 3.6384705
1.096824 1.015335 0.326434 0.728923 -2.96
1.891508 2.250842 0 1.540444 5.2
1.46670925 0.865775 0.697041 1.633249 -0.46208
0 0 0 0 0
3.4112345 1.887813 1.81481525 2.0547685 -0.2084465
1.71548875 1.541694 2.517626 1.211659 1.144
2.024832 2.55178 2.619791 2.678592 -4.4773905
0 0 0 0 0
0 0 0 0 0
3.925125 4.459777 4.0570975 4.115888 9.934654
1.195938 0 0.86145075 1.9413 -4
2.398146 1.580866 0.92948725 1.374918 -3.04
1.3234685 0.914127 0.86360275 0.931504 0
1.742529 0.953053 4.308255 2.0734975 1.6
0.676261 0 0 0.517566 -4
1.900432 0.395074 0 1.228118 -6.4
0.88108 1.41263 0.903788 0.577593 4
2.8493265 2.237437 2.375562 2.13296675 -0.54016
0.63547 0.814481 0 2.685866 0.3584
0 0 0 1.46021 0
2.658253 2.076349 0 1.2337415 5.35296
1.22181875 0.734909 1.777074 1.34067225 3.04
1.799858 2.09634025 2.281309 1.042885 2.415718
0 0 0 0 0
0 0 0 0 0
3.48968125 3.4236825 1.64504375 4.298533 8.36704
0.779584 1.091476 0.374362 2.05164925 -6.688
1.653812 1.36547 1.6583125 0.9324465 0
1.5280085 0 0.60154 1.1449195 -4.13792
1.7140695 1.644271 1.8677915 1.247739 -7.552
0 0 0 2.013668 0
1.877596 0 0 1.702294 -4.96
0.603858 0.61422025 0.42884 0.7276975 -4
1.43891025 0 0 2.569052 6.76
1.91822675 1.998093 2.530607 2.996896 -0.275661
0 0 0 0 0
0 0.846929 0 3.673711 -4
1.77056 2.898675 1.3729745 1.60354125 6.4
0.937034 1.079841 1.451689 1.218316 -2.196736
0 0 0 0 0
0 0 0 0 0
1.8672665 2.463691 2.3964565 2.528846 -0.16
0.302163 1.232563 0.323661 0.942146 -4.6
0.376924 0 0 1.379313 -3.5584
0.574623 0.918084 1.36318525 1.351905 -5.8
0.700304 0.602272 0 1.75628075 0
0 0 0 0 0
1.153553 0 0 1.325229 0
0.410035 0.460524 0.349771 1.18994675 6.4
0.57823425 0 0 1.259724 0
0.76357 0 0.767993 0.729488 0
0 0 0 0 0
0 0.774353 0.70766 1.749356 0
3.10737525 1.838712 2.260012 0.723861 8.704
0.880637 0.605247 1.260535 1.374204 -4
0 0 0 0 0
0 0 0 0 0
3.22927125 1.161346 2.266526 1.85261475 -7.84
0.591542 0.643706 0 2.091699 -4
0.392446 0.408519 0 0.84702325 -9.832039
0.67356825 1.405408 0.617982 1.036997 -4
0.474115 1.938035 0.462615 1.059815 3.16608
0 0 0 0 0
0.371104 0.566785 0 0.915278 0
1.544296 0 0.475922 0.795238 4
1.04588375 1.191078 0.9233765 3.01022775 4.16
0 0 0 0 0
0 0 0 0 0
1.917305 0.969563 0 1.763414 0
1.717188 1.064731 0 1.8293005 0
3.162162 1.079569 0 2.190986 6.4
0 0 0 0 0
0 0 0 0 0
3.037567 4.750957 1.12982 3.212098 9.330227
1.2434315 1.068912 1.396886 0 -5.2
0.470426 0.263649 0 0.281614 -3.904
1.285352 1.05681625 0.81506 0.75574275 -2.0224
1.828809 1.64995925 0.434202 1.7326555 0
0 0 0 0 0
0.496918 1.898825 0 0 4
0.292345 1.2 1.168103 0.933441 4.6
2.8977225 0 0.9460355 2.383041 5.44
0 0 0 0 0
0 0 0 0 0
0 0 0 0.730612 0
0 0 1.299524 0 7.84
0.50886075 1.873593 0 0.047168 0
0 0 0 0 0
0 0 0 0 0
1.5311225 0.547528 0.505915 3.723228 -4
0.449634 0.072552 0.151899 0.666483 -4
0.894768 0.445484 0 0.397088 6.4
1.123798 1.021399 0.735629 0.8048635 -9.346816
1.057267 0.823373 0.328843 0.713817 0
0 0 0 0 0
0.238482 0 0 0.242238 0
0.493606 0.125708 0 0.947594 -4
1.554236 0.423187 1.127264 0.5330925 0
0 0 0 0 0
0 0 0 0 0
0 0 0 1.165466 0
0.327961 2.036947 0.885988 0.394662 0
0 0 0 0 0
0 0 0 0 0
0 0 0 0 0
1.740455 1.469288 1.4805 1.2602555 -2.272
0.47009 0.552137 0.465626 0 4
0.204387 0.499322 1.056747 1.323616 4
0.90381 0.585523 0 1.276943 -5.896
0.53129925 0 0.356746 1.325797 -6.1696
0 0 0 0 0
1.834107 0 0 1.316137 4
0 1.205502 0 0 0
0 0 1.990548 1.61981 6.4
0 0 0 0 0
0 0 0 0 0
0 0 0 0 4
0.857959 0 0 1.258741 0
0 0 0 0 0
0 0 0 0 0
0 0 0 0 0
1.331788 0 3.510878 2.2781725 -1.6
0.213444 1.201045 0.893178 0.342282 0
2.00858775 0.309922 0 0.282864 -4.7104
0.81466 0 0.118902 2.560709 -4
0.292746 0 1.97031 0.767238 -7.48
0 0 0 0 0
0.741705 0 0 0.168703 0
0 0 0 0 4
1.105152 2.278991 1.05703125 2.233306 7.552
0 0 0 0 0
0 0 0 0 0
0 0 0.042762 2.12010575 0
0.278253 0.94589 0 0.793776 0
0 0 0 0 0
0 0 0 0 0
0 0 0 0 0
1.015348 0.826426 0 1.54319425 4
2.296958 0.376089 0.664128 1.120271 -2.77088
0.408196 0.632016 0.904575 0.390023 -3.69371875
-0.11834625 0.884196 0.32811225 0.23103375 -3.0717845
2.310374 0.377715 0.709911 2.327144 4.551204
0 0 0 0 0
1.322492 0 0.537471 0.492192 -4
0.107136 1.994737 0 3.518149 -5.63309375
1.8474135 2.01382375 0.949463 3.402981 1.300239
0 0 0 0 0
0 0 0 0 0
-0.151575 2.67311 2.083828 2.131866 7.808524
2.30164 1.247266 0.791198 2.947391 8.931778
0 0 0 0 0
0 0 0 0 0
0 0 0 0 0
2.585336 2.91201725 4.369028 2.430849 -2.418263
0 0 0 0 0
0 0 0 0 0
0 0 0 0 0
0 0 0 0 0
0 0 0 0 0
0 0 0 0 0
0 0 0 0 0
0 0 0 0 0
0 0 0 0 0
0 0 0 0 0
0 0 0 0 0
0 0 0 0 0
0 0 0 0 0
0 0 0 0 0
0 0 0 0 0
0 0 0 0 0
1.546901 2.318804 2.624792 2.47279 -2.963288
0 0.601671 0.861389 1.407509 0
0.527599 1.839768 1.351264 1.186664 0
2.645871 0.344183 0 0.723891 0
0 0 0 0 0
1.862996 1.645089 3.70670175 2.83775075 1.275461
0 1.193518 0.878348 0.4409155 -4
1.4311245 1.757366 2.350542 1.127777 1.88
0 0 0 0 0
0 0 0 0 0
1.803285 1.71675075 1.954676 3.106313 6.278338
1.413686 0.641282 0 1.2187295 -6.4
0 0 0 0 0
0 0 0 0 0
0 0 0 0 0
4.00250025 3.5503355 4.064704 3.658216 8.159086
0 1.080569 0.729163 1.068728 6.4
3.208547 1.316797 0.382313 0.63508 -6.4
2.370063 0.698423 1.382917 3.26929675 -8.1856
2.059317 1.092487 0 1.374117 -4
0 0 0 0 0
1.95731775 0.669605 1.310499 1.019381 0
0.692387 0 0.708059 0.525962 4.48
1.54987525 1.203666 0 0.5098085 0
0 0 0 0 0
0 0 0 0 0
0 0 0 1.790418 4
0.908811 0.916694 0.842814 3.268381 -4
0 0 0 0 0
0 0 0 0 0
0 0 0 0 0
1.929076 2.915273 1.367296 1.424103 7.4944
0.308466 0.562992 0 2.366822 -6.4
1.475407 1.3293285 0.371147 1.0770495 4
1.5398515 4.21589 0.442352 0.947038 -1.6
0.543372 1.010853 0 1.924291 -4
0 0 0 0 0
0.828678 0.616273 0.624907 0.617903 4.288
0 1.028791 0 0.45331 0
3.757027 2.046303 0 1.647648 -2.272
0 0 0 0 0
0 0 0 0 0
0 1.126884 0 0 4
1.270272 0 0 2.326639 0
0 0 0 0 0
0 0 0 0 0
0 0 0 0 0
1.23065775 2.219912 3.128186 2.136335 7.264
0.500789 0 0 0 -7.84
0.60603 0.853801 0 0.809615 -4.288
0.708421 0.296439 0.3477935 0.593753 -4
1.038248 0 0 0.408159 -3.04
0 0 0 0 0
0 0.668186 0 0.42653 -4
1.0789675 1.210571 0.9538295 0.715102 0
0.752583 0.730857 1.085792 2.595686 -1.6
0 0 0 0 0
0 0 0 0 0
0.705347 0 0 0 0
0.96508 1.868105 0 2.428115 -4
0 0 0 0 0
0 0 0 0 0
0 0 0 0 0
1.329821 0.532197 1.120597 2.040103 5.3056
0 0.579178 1.709275 0 0
0.833629 0 0 0.716742 0
0.773008 0.332274 3.236998 1.13105 -6.478951
1.185086 0 0 0.455301 -5.2
0 0 0 0 0
0 0 0 0.410268 0
0.445829 0.29549325 0 0 4
0.796357 0 0 0.374421 0
0 0 0 0 0
0 0 0 0 0
1.233457 0 0 2.112208 0
0.553363 0.698323 0 2.9090325 4
0 0 0 0 0
0 0 0 0 0
0 0 0 0 0
2.962729 1.831458 0.685858 2.42913575 4
2.573301 0.217517 0.852782 1.119748 0
0.282769 0.359982 1.92244 0.628346 4
0.591408 0 0 0.5631115 -6.4
0.762009 0.570547 0.481803 1.395471 6.4
0 0 0 0 0
0 0 0 0.444277 4
0 0 0.391353 0 0
1.155868 0.6383405 0 0 0
0 0 0 0 0
0 0 0 0 0
0 0 0 0 0
0 0 0 2.037441 0
0 0 0 0 0
0 0 0 0 0
0 0 0 0 0
1.48825 0.540353 0 0.85986 0
0.768164 0 0 0.972054 0
0.770035 1.898598 0 0.739742 0
0.922304 1.2935425 0 0.995092 0
0 0 0.948081 1.091217 0
0 0 0 0 0
0.491939 0 1.64224 0.634595 0
0.051831 0 0 0.256604 4
1.684545 0 0 0.295571 4
0 0 0 0 0
0 0 0 0 0
0 0 0 0 4
0 0 0 0.476848 4
0 0 0 0 0
0 0 0 0 0
0 0 0 0 0
1.608615 1.365665 0.493083 1.627565 4
0.4885515 0.952656 0.819849 0.42237 0
0.363817 0 0 0.706218 -4
3.256815 0.62299275 0 0.763615 -7.84
1.5977 0.571154 -0.036106 0.538446 4.096
0 0 0 0 0
0.252236 0.224089 0 1.565025 -1.76
0 0 0 0.22783 0
0.593944 0 0 0.829413 -1.6
0 0 0 0 0
0 0 0 0 0
0 0 0 0 0
0.376416 0.704117 0 1.141962 0
0 0 0 0 0
0 0 0 0 0
0 0 0 0 0
1.575481 0 1.544221 1.370861 1.6
1.352867 0.487271 0.193407 0.19239925 -9.01504
-0.030874 0.9807255 0.356737 0.155199 -7.93800775
1.1382545 3.942387 3.836429 4.14392225 9.414001
3.377833 1.08660775 3.07010025 3.220923 6.9911145
0 0 0 0 0
0 0.747336 1.918201 1.581652 0
0.681543 0.819365 0.757476 0.620268 0
2.00839575 1.688002 2.21144 1.236367 -1.193298
0 0 0 0 0
0 0 0 0 0
-0.243003 0 0.550369 0 6.88
1.6126615 1.488 1.268492 1.19402475 7.999805
0 0 0 0 0
0 0 0 0 0
0 0 0 0 0
2.3068665 3.805084 2.407183 4.233659 8.9060385
0 0 0 0 0
0 0 0 0 0
0 0 0 0 0
0 0 0 0 0
0 0 0 0 0
0 0 0 0 0
0 0 0 0 0
0 0 0 0 0
0 0 0 0 0
0 0 0 0 0
0 0 0 0 0
0 0 0 0 0
0 0 0 0 0
0 0 0 0 0
0 0 0 0 0
0 0 0 0 0
0 0 0 0 0
0 0 0 0 0
0 0 0 0 0
0 0 0 0 0
0 0 0 0 0
0 0 0 0 0
0 0 0 0 0
0 0 0 0 0
0 0 0 0 0
0 0 0 0 0
0 0 0 0 0
0 0 0 0 0
0 0 0 0 0
0 0 0 0 0
0 0 0 0 0
0 1.946339 0 0 0
0.886287 1.181041 1.663078 3.1109905 -9.617767
0 0.84573 0 1.243178 -4
0.312047 0 0 0 0
0 0.299114 0 0 0
0 0 0 0 0
3.5093425 3.763521 2.626397 3.818296 9.62986325
0 0 0 1.925918 0
0 0 0 0 0
0 0 0 0 0
0 0 0 0 0
2.90688 2.353757 1.927198 2.980518 5.20410975
0.963258 2.023634 2.305476 1.680175 0
0 0 0 0 0
0 0 0 0 0
0 0 0 0 0
4.66685 2.921116 3.648511 4.880338 9.989908
2.6165905 0.330219 0 1.006988 4
0.23267 0.593752 0.780855 0.381742 -5.6
0.995284 0.559927 0 0.86597 -1.6
0.60923125 0 0 0.502037 -4
0 0 0 0 0
1.122286 1.215026 0 0.843996 6.4
2.172407 0.726982 1.05474225 0.099726 -4
0 0 0 0.476719 1.6
0 0 0 0 0
0 0 0 0 0
2.533477 1.736954 0 1.61041575 5.92
1.190651 0 0 1.568538 4
0 0 0 0 0
0 0 0 0 0
0 0 0 0 0
1.715019 0.949805 3.554376 2.949191 4.768
1.084418 0 1.058357 0.672057 0
0.413576 0 0 0 -4
0.240726 1.066677 0 0.280483 -6.4
0.184756 1.445587 0 1.63006925 5.48704
0 0 0 0 0
1.592824 0 1.374182 1.199746 6.4
0.531272 0 0 1.193822 4
1.146129 0.373947 0 0.248212 1.6
0 0 0 0 0
0 0 0 0 0
0 1.244225 0 1.196525 0
0.72643 1.302863 0.18193 0.839129 0
0 0 0 0 0
0 0 0 0 0
0 0 0 0 0
0.971265 1.323572 1.888518 0.786795 0
0 1.131166 0 0.909069 -4
0 0.333232 0 1.294795 6.4
0 0 1.084786 0 0.9472
0.342347 0 0 0 0
0 0 0 0 0
0 0 0 0 0
0 0 0 0 0
0 0 0 1.067589 1.6
0 0 0 0 0
0 0 0 0 0
1.18029 0 0 1.260936 4
0 0 0 0.407128 0
0 0 0 0 0
0 0 0 0 0
0 0 0 0 0
1.063798 0 0 3.492488 8.704
0 0 0 0 0
0 0 1.12656 0.794752 -4
0.125402 0.859851 0.891812 1.0828 -4
1.07201475 0.864309 0 1.141339 1.6
0 0 0 0 0
0 0 0 0.42809375 0
0 0 0 0.496984 -1.6
0.224674 0 0 0 0
0 0 0 0 0
0 0 0 0 0
0 0.40723 0 1.995214 0
1.484728 0 0 0 0
0 0 0 0 0
0 0 0 0 0
0 0 0 0 0
1.209148 2.334736 0 1.889066 6.4
2.046885 0.383367 0 0 0
0.20676 0 0.308364 0.54736 -5.128
0.996984 1.31584325 0 0 0
0.394549 2.064357 1.11774 2.350245 1.6
0 0 0 0 0
0 0.325627 0 0.898836 0
0.850436 0 0.170848 0.336396 0
0.511221 0 0 0 -4
0 0 0 0 0
0 0 0 0 0
0 0 0 0 0
0 0 0 0 0
0 0 0 0 0
0 0 0 0 0
0 0 0 0 0
2.740833 0 0 2.12998425 0
1.142312 0 0.908442 0.169528 -4.48
0 0 0.566749 0.988394 -4
0.697809 0.913951 0 1.883014 4
1.42923 1.229728 1.985635 0.661192 -5.8
0 0 0 0 0
0 0 0 0 0
0 0 0.816562 0 0
0 0 0.996981 0.475943 0
0 0 0 0 0
0 0 0 0 0
0 2.28301 0 0 0
2.826497 0 0 0 0
0 0 0 0 0
0 0 0 0 0
0 0 0 0 0
1.710035 0 0 1.203968 0
-0.217467 0.995725 0.39883 0.5196905 6.4
0.468253 0.502124 0.224295 0.322346 -2.0520875
0.654461 0.638296 0.314324 0.086691 -6.899186
2.27541975 1.89982 3.1801275 2.299926 7.07392
0 0 0 0 0
0.957168 0 0.394964 1.316547 -0.416
1.74252075 0.411761 0.778395 1.55855675 2.2784
1.182709 0.36619625 0.998425 0.993169 -3.079935
0 0 0 0 0
0 0 0 0 0
0 0 0 0.712181 4
1.694197 1.1580345 0.494706 1.04642 2.72
0 0 0 0 0
0 0 0 0 0
0 0 0 0 0
3.790579 2.33250875 1.522249 3.183281 0.309572
0 0 0 0 0
0 0 0 0 0
0 0 0 0 0
0 0 0 0 0
0 0 0 0 0
0 0 0 0 0
0 0 0 0 0
0 0 0 0 0
0 0 0 0 0
0 0 0 0 0
0 0 0 0 0
0 0 0 0 0
0 0 0 0 0
0 0 0 0 0
0 0 0 0 0
2.124514 0 0 0 0
0 0 0 0 0
0 0 0 0 0
0 0 0 0 0
0 0 0 0 0
0 0 0 0 0
0 0 0 0 0
0 0 0 0 0
0 0 0 0 0
0 0 0 0 0
0 0 0 0 0
0 0 0 0 0
0 0 0 0 0
0 0 0 0 0
0 0 0 0 0
0 0 0 0 0
0 0 0 0 0
0 0 0 0 0
0 0 0 0 0
0 0 0 0 0
0 0 0 0 0
0 0 0 0 0
0 0 0 0 0
0 0 0 0 0
0 0 0 0 0
0 0 0 0 0
0 0 0 0 0
0 0 0 0 0
0 0 0 0 0
0 0 0 0 0
0 0 0 0 0
0 0 0 0 0
0.022476 0 0 0 0
2.146853 1.598282 1.72471 1.70161675 -1.542443
1.667361 0 0 0 -4
0 0 0 0.495488 -4
0.314098 1.449748 0.377818 0.760556 0
0 0 0 0 0
3.2692055 3.621628 1.155554 1.3279935 2.35436
0.495289 0.471309 0 0 4
0 0 0 2.750978 0
0 0 0 0 0
0 0 0 0 0
2.13198175 2.855916 3.62771175 4.081529 8.330752
0 0 0 0.801543 0
0 0 0 0 0
0 0 0 0 0
0 0 0 0 0
3.90508425 3.204334 3.88170625 4.471031 8.947648
0.808432 1.987525 0 0 4
0.544184 0.618217 0 1.656344 0
0 0.466405 0.595937 0.204089 -6.4
1.464169 0 0 0.680368 -2.88
0 0 0 0 0
2.91955 0.170421 1.191054 3.429564 0
1.619787 0.527075 0 0.698023 -6.4
1.333133 0 1.28883 0.955034 0
0 0 0 0 0
0 0 0 0 0
0.199385 1.056319 0 1.469669 4
1.219551 1.002086 3.882148 1.107795 4.48
0 0 0 0 0
0 0 0 0 0
0 0 0 0 0
3.435249 1.5898605 0 4.179437 6.4
0 0 0 2.591903 1.6
0.652268 0 0 0 0
0.60057 0 0 0.591715 0
0 1.40774375 1.277169 1.492549 4
0 0 0 0 0
0 0 0 1.209148 4
0.311817 0 0.460754 0 4
0 0 0.670291 -0.083929 4
0 0 0 0 0
0 0 0 0 0
0.463638 0 0 0.2755365 0
0 0.473879 0 0 0
0 0 0 0 0
0 0 0 0 0
0 0 0 0 0
1.563491 0.614487 2.049847 1.916776 6.4
0 0.536796 0 0.214685 0
0.59342 0 0 0.033372 0
0 0 0 0 -4
0 0.29543 1.172947 0.66257 0
0 0 0 0 0
0.34259 0.274414 0 1.57967275 4
0 0.412808 0.407902 0.255889 -4
0 0 1.808174 0.79533 0
0 0 0 0 0
0 0 0 0 0
0 0 0 0 0
0.3442 0 0 0 0
0 0 0 0 0
0 0 0 0 0
0 0 0 0 0
1.166338 1.2006 1.495662 1.829904 4
-0.101539 0 0 0.322467 0
0 0 0.368139 1.329246 -0.72
0 0 0 0.612185 -4
1.113309 0.427527 0 0.062197 0
0 0 0 0 0
0 0 0 0 4
0 0 0 0 0
2.201745 0.357656 0 1.252481 0
0 0 0 0 0
0 0 0 0 0
0 0 0 0 0
1.12792 0 0 0 0
0 0 0 0 0
0 0 0 0 0
0 0 0 0 0
2.214356 0 0 3.13688625 -4
1.314121 0.18152 0 0 0
0 0.1015 0.573088 0 -6.4
0.306239 0 0 0.465523 -4
0.791666 0 0 0.427418 0
0 0 0 0 0
0 0 0 0 0
0 0 0 0 0
1.375666 0 0 1.223566 4
0 0 0 0 0
0 0 0 0 0
0 0 0 1.601228 0
0 0 0 0 0
0 0 0 0 0
0 0 0 0 0
0 0 0 0 0
0.123863 0 0 0 4
2.3653005 0 0.73444 1.034118 4.96
0.760994 0.76312525 0.107699 0.979489 -8.488
0.37870725 0.61141625 0.8622405 1.52407975 -7.2784
0.868186 2.256002 0 3.729377 -5.96746
0 0 0 0 0
0.305777 1.305297 0 1.244095 2.496
2.444144 0 0 0.30306 8.1856
1.7677165 1.495519 1.867037 2.73980575 8.73856
0 0 0 0 0
0 0 0 0 0
2.432989 2.612476 0 1.53691 8.704
3.349126 1.920955 2.9422 1.400336 9.222401
0 0 0 0 0
0 0 0 0 0
0 0 0 0 0
3.21646 0 2.417816 1.967693 0
0 0 0 0 0
0 0 0 0 0
0 0 0 0 0
0 0 0 0 0
0 0 0 0 0
0 0 0 0 0
0 0 0 0 0
0 0 0 0 0
0 0 0 0 0
0 0 0 0 0
0 0 0 0 0
0 0 0 0 0
0 0 0 0 0
0 0 0 0 0
0 0 0 0 0
0 0 0 0 0
0 0 0 0 0
0 0 0 0 0
0 0 0 0 0
0 0 0 0 0
0 0 0 0 0
0 0 0 0 0
0 0 0 0 0
0 0 0 0 0
0 0 0 0 0
0 0 0 0 0
0 0 0 0 0
0 0 0 0 0
0 0 0 0 0
0 0 0 0 0
0 0 0 0 0
1.198992 0 0 0 0
0 0 0 0 0
0 0 0 0 0
0 0 0 0 0
0 0 0 0 0
0 0 0 0 0
0 0 0 0 0
0 0 0 0 0
0 0 0 0 0
0 0 0 0 0
0 0 0 0 0
0 0 0 0 0
0 0 0 0 0
0 0 0 0 0
0 0 0 0 0
0 0 0 0 0
0 0 0 0 0
0 0 0 0 0
0 0 0 0 0
0 0 0 0 0
0 0 0 0 0
0 0 0 0 0
0 0 0 0 0
0 0 0 0 0
0 0 0 0 0
0 0 0 0 0
0 0 0 0 0
0 0 0 0 0
0 0 0 0 0
0 0 0 0 0
0 0 0 0 0
0 0 0 0 0
0 0.657291 0 0 0
1.1250675 2.088328 0.418553 2.155723 -0.0538455
0 2.225849 0 0 0
0 0 0 0 0
0 0 0 0 0
0 0 0 0 0
2.649839 2.962139 2.144823 1.801075 1.273961
0 0 0 1.002777 0
0 2.962571 0 1.954934 0
0 0 0 0 0
0 0 0 0 0
2.45412 2.000422 1.972671 4.171027 5.06368
1.509542 0 0 1.361814 0
0 0 0 0 0
0 0 0 0 0
0 0 0 0 0
3.361767 1.923144 2.0452035 2.662841 9.222401
0 0 0 0 0
0 0 0 0 0
0.178195 0 0 1.59982825 0
1.456681 0 0 0.452409 0
0 0 0 0 0
0 1.2 0 0 4
0.69625 0 0 0.647756 0
0 0 0 0.857838 0
0 0 0 0 0
0 0 0 0 0
0 0.068855 0 0.303329 1.6
0 0.930482 0 1.0840305 0
0 0 0 0 0
0 0 0 0 0
0 0 0 0 0
0.472728 2.17096 0 1.873934 4
0.284606 0 0.119397 0 0
0.517265 0 0 0 -4
0 0 0 0.265803 0
0.214907 0.510642 0 0 0
0 0 0 0 0
0 0.789767 0.655913 0 0
0.412324 0 0 0.914444 0
0 0.153926 0 0 0
0 0 0 0 0
0 0 0 0 0
0 0 0 0.63565 6.4
0.473495 0 0 0.801179 0
0 0 0 0 0
0 0 0 0 0
0 0 0 0 0
2.463742 0 1.069513 1.034544 0.704
0 0 0 0.426342 0
2.303223 0 0 0 0
2.362384 0 0 2.170018 0
0.282301 0 0 0 0
0 0 0 0 0
0 0 0 0 4
1.015343 0 0 0 0
0 0 0 0 0
0 0 0 0 0
0 0 0 0 0
0 0.15347 1.28538 0.032492 6.4
0.735679 0 0 0 4
0 0 0 0 0
0 0 0 0 0
0 0 0 0 0
0 0 0.586057 0 4
-0.068179 0 0 0 0
0 0 0 1.227211 4
0 0.80839 0 0 -4.6
0 0 0 0 0
0 0 0 0 0
0 0 0.535648 1.600995 -4
1.125605 0 0 0 0
0 0 0 0 0
0 0 0 0 0
0 0 0 0 0
0 0 0 0 0
0.308973 0.39945 0 0 0
0 0 0 0 0
0 0 0 0 0
0 0 0 0 0
2.672083 0 1.155055 1.804992 5.44
0.282343 0.267994 1.306947 0.823632 -0.48
1.13275725 1.3800365 0.983023 1.387863 2.5664
2.74218175 1.154663 2.444221 3.38462725 7.238386
1.51032675 0.087587 0.095653 0.25564075 0.29824
0 0 0 0 0
1.158971 0 0 0 6.4
0.902015 0 0 2.08175 4
3.0548945 0.396585 -0.003185 1.29368 8.00614375
0 0 0 0 0
0 0 0 0 0
0 0 0 1.347643 -4
0.38104 0.920889 0 1.005239 -4.96
0 0 0 0 0
0 0 0 0 0
0 0 0 0 0
1.689926 0.032042 2.58971575 4.58157625 1.570765
0 0 0 0 0
0 0 0 0 0
0 0 0 0 0
0 0 0 0 0
0 0 0 0 0
0 0 0 0 0
0 0 0 0 0
0 0 0 0 0
0 0 0 0 0
0 0 0 0 0
0 0 0 0 4
0 0 0 0 0
0 0 0 0 0
0 0 0 0 0
0 0 0 0 0
2.200767 0 0.267368 0 0
0 0 0 0 0
0 0 0 0 0
0 0 0 0 0
0 0 0 0 0
0 0 0 0 0
0 0 0 0 0
0 0 0 0 0
0 0 0 0 0
0 0 0 0 0
0 0 0 0 0
0 0 0 0 0
0 0 0 0 0
0 0 0 0 0
0 0 0 0 0
0 0 0 0 0
0 0 0 0 0
0 0 0 0 0
0 0 0 0 0
0 0 0 0 0
0 0 0 0 0
0 0 0 0 0
0 0 0 0 0
0 0 0 0 0
0 0 0 0 0
0 0 0 0 0
0 0 0 0 0
0 0 0 0 0
0 0 0 0 0
0 0 0 0 0
0 0 0 0 0
0 0 0 0 0
0 0 0 0 0
0 0 0 0 0
0 0 0 0 0
0 0 0 0 0
0 0 0 0 0
0 0 0 0 0
0 0 0 0 0
0 0 0 0 0
0 0 0 0 0
0 0 0 0 0
0 0 0 0 0
0 0 0 0 0
0 0 0 0 0
0 0 0 0 0
0 0 0 0 0
0 0 0 0 0
0 0.451182 0 -0.009665 0
0 0 0 0 0
0 0 0 0 0
0 0 0 0 0
0 0 0 0 0
0 0 0 0 0
0 0 0 0 0
0 0 0 0 0
0 0 0 0 0
0 0 0 0 0
0 0 0 0 0
0 0 0 0 0
0 0 0 0 0
0 0 0 0 0
0 0 0 0 0
0 0 0 0 0
0 0 0 0 0
1.247573 1.124639 0.856031 0.748079 -7.33646
0 0 0.601833 0 0
0 1.543843 0 0 0
0 0 0 0.232331 0
0 0 0 0 0
1.217139 1.554139 2.5489405 1.50412375 5.128
0 0 0 0 0
0 1.508951 0.822625 1.049813 0
0 0 0 0 0
0 0 0 0 0
2.244951 1.923783 0 2.688086 5.44
1.74002 0 0 0.782893 0
0 0 0 0 0
0 0 0 0 0
0 0 0 0 0
3.177431 3.281407 2.294813 4.463346 9.620073
0 0 0 0 -4
0 0 0 0 4
0 0 0 0 0
1.16009725 0 0.339018 1.02074 -4
0 0 0 0 0
0.149286 0.157953 0 0.238356 0
0 0 0 0.977619 5.2
0 0 0 1.72316 0
0 0 0 0 0
0 0 0 0 0
0.54709 0 0 0.918057 -4
0 1.893672 0 0.516787 -0.1536
0 0 0 0 0
0 0 0 0 0
0 0 0 0 0
2.52505 0.495606 -0.247138 2.133323 4
0 0.696776 0 1.420569 0
0 0 0 1.913563 0
0 0 0 0 0
0.348872 -0.080219 0.660622 0 -6.4
0 0 0 0 0
0 0 0 0 0
0 0 0 0 -4
0 0 0 0.351206 6.4
0 0 0 0 0
0 0 0 0 0
0 0 1.102633 0 0
0 -0.754615 0 1.611515 4
0 0 0 0 0
0 0 0 0 0
0 0 0 0 0
0 1.204955 1.170301 2.87601275 8.704
0 0 0 0 0
0 0 0 0 4
0 0 0 0.849636 0
0.76218 2.603045 1.413385 1.61290725 0
0 0 0 0 0
0 0 0 0 0
0.69561 0 0 0 4
1.655361 0 0 0 0
0 0 0 0 0
0 0 0 0 0
0 0 0 0 0
2.012919 1.23283 0 0 0
0 0 0 0 0
0 0 0 0 0
0 0 0 0 0
3.243397 0.535134 0 2.616996 -0.1024
-0.078885 0 0.47765 0.337169 -5.81344
-0.063779 0 0.7081365 1.361365 -5.2672
0.7140715 0.086894 0 0.76097025 -3.5968
1.138937 1.26524 0.73668975 1.431262 2.5742
0 0 0 0 0
1.223513 0 0 0 4
1.41004975 1.477049 0.77751075 0.565296 4
1.06002 0.463893 1.4691785 3.6269805 7.4944
0 0 0 0 0
0 0 0 0 0
2.651092 1.726341 0 0 5.2
0.430336 1.543733 0.277935 2.03873025 2.272
0 0 0 0 0
0 0 0 0 0
0 0 0 0 0
3.25051425 1.22015775 3.19900875 3.1066305 8.5312
0 0 0 0 0
0 0 0 0 0
0 0 0 0 0
0 0 0 0 0
0 0 0 0 0
0 0 0 0 0
0 0 0 0 0
0 0 0 0 0
0 0 0 0 0
0 0 0 0 0
0 0 0 0 0
0 0 0 0 0
0 0 0 0 0
0 0 0 0 0
0 0 0 0 0
0.650358 0.208222 0.346292 0.306744 -4
0 0 0 0 0
0 0 0 0 0
0 0 0 0 0
0 0 0 0 0
0 0 0 0 0
0 0 0 0 0
0 0 0 0 0
0 0 0 0 0
0 0 0 0 0
0 0 0 0 0
0 0 0 0 0
0 0 0 0 0
0 0 0 0 0
0 0 0 0 0
0 0 0 0 0
0 0 0.060259 0.240634 -4
0 0 0 0 0
0 0 0 0 0
0 0 0 0 0
0 0 0 0 0
0 0 0 0 0
0 0 0 0 0
0 0 0 0 0
0 0 0 0 0
0 0 0 0 0
0 0 0 0 0
0 0 0 0 0
0 0 0 0 0
0 0 0 0 0
0 0 0 0 0
0 0 0 0 0
0.65553 0 0 0 0
0 0 0 0 0
0 0 0 0 0
0 0 0 0 0
0 0 0 0 0
0 0 0 0 0
0 0 0 0 0
0 0 0 0 0
0 0 0 0 0
0 0 0 0 0
0 0 0 0 0
0 0 0 0 0
-0.011476 0 0 0 0
0 0 0 0 0
0 0 0 0 0
0 0 0 0 0
0 0 0 0 0
0 0 0 0 0
0 0 0 0 0
0 0 0 0 0
0 0 0 0 0
0 0 0 0 0
0 0 0 0 0
0 0 0 0 0
0 0 0 0 0
0 0 0 0 0
0 0 0 0 0
0 0 0 0 0
0 0 0 0 0
0 0 0 0 0
0 0 0 0 0
0 0 0 0 0
0 0 0 0 0
0 0 0 0 0
0 0 0 0 0
0 0 0 0 0
0 0 0 0 0
0 0 0 0 0
0 0 0 0 0
0 0 0 0 0
0 0 0 0 0
0 0 0 0 0
0 0 0 0 0
0 0 0 0 0
0 0 0 0 0
0 0 0 0 0
0 0 0 0 0
0 0 0 0 0
0 0 0 0 0
0.671181 1.6661915 1.19126425 0.76422325 -0.026781
0 0 0.121619 0 0
0 0 0 0.216054 0
0 0.304705 0 0 -4
0 0 0 0 0
2.298416 1.774384 0.263078 2.0968995 6.497395
0 0 0 0 5.6
0 0.368439 0 0 0
0 0 0 0 0
0 0 0 0 0
1.937819 1.958419 2.73679925 2.942376 6.76
0 0 0.822508 0 0
0 0 0 0 0
0 0 0 0 0
0 0 0 0 0
4.060886 4.340402 1.83888 2.11254725 5.032039
0 0.989589 1.21091075 0 0
0 0.201094 0 0 0
0.542888 0.659926 0 1.351027 4
0.797597 0.91099 0.55297 1.341414 -1.76
0 0 0 0 0
0 0 0 0 0
0 0 0 0 0
1.6363825 0 0.557116 1.211717 0
0 0 0 0 0
0 0 0 0 0
1.191546 0 0 0 0
2.120368 0 0 1.644886 4
0 0 0 0 0
0 0 0 0 0
0 0 0 0 0
0.669999 2.6187705 1.87047 2.257594 4
0 0 0 0.150307 0
0 0 0 1.291224 -6.4
0 0 0 0 6.4
1.826979 2.645439 1.2476285 0.999607 -3.158144
0 0 0 0 0
0 0 -0.787611 0 0
0 1.752026 0 0 4
0.297643 1.680225 0 0 6.4
0 0 0 0 0
0 0 0 0 0
0 0 0 0 0
0 0 0 0 0
0 0 0 0 0
0 0 0 0 0
0 0 0 0 0
0.56236 0.616576 1.550684 1.321445 4
0.462221 0.181539 0 0 -1.6
-0.1143 1.555377 1.940742 1.92433 6.4
0 0.027227 0 1.4309965 -0.336
0.3493345 2.207922 1.8265285 3.0278715 -4.82176
0 0 0 0 0
0 0 0 0 0
0 0 0.283764 0 4
1.63800325 3.143881 1.463358 2.665886 0.103287
0 0 0 0 0
0 0 0 0 0
0 0 0 0 6.4
2.218592 0 1.1098625 1.547152 8.0128
0 0 0 0 0
0 0 0 0 0
0 0 0 0 0
3.064497 0 1.635455 2.835909 0.423809
0 0 0 0 0
0 0 0 0 0
0 0 0 0 0
0 0 0 0 0
0 0 0 0 0
0 0 0 0 0
0 0 0 0 0
0 0 0 0 0
0 0 0 0 0
0 0 0 0 0
0 0 0 0 0
0 0 0 0 0
0 0 0 0 0
0 0 0 0 0
0 0 0 0 0
0.462363 0.190084 0 0.741977 4
0 0 0 0 0
0 0 0 0 0
0 0 0 0 0
0 0 0 0 0
0 0 0 0 0
0 0 0 0 0
0 0 0 0 0
0 0 0 0 0
0 0 0 0 0
0 0 0 0 0
0 0 0 0 0
0 0 0 0 0
0 0 0 0 0
0 0 0 0 0
0 0 0 0 0
0.034218 0.222097 0 0 0
0 0 0 0 0
0 0 0 0 0
0 0 0 0 0
0 0 0 0 0
0 0 0 0 0
0 0 0 0 0
0 0 0 0 0
0 0 0 0 0
0 0 0 0 0
0 0 0 0 0
0 0 0 0 0
0 0 0 0 0
0 0 0 0 0
0 0 0 0 0
0 0 0 0 0
1.559113 0 0 0 0
0 0 0 0 0
0 0 0 0 0
0 0 0 0 0
0 0 0 0 0
0 0 0 0 0
0 0 0 0 0
0 0 0 0 0
0 0 0 0 0
0 0 0 0 0
0 0 0 0 0
0 0 0 0 0
0 0 0 0 0
0 0 0 0 0
0 0 0 0 0
0 0 0 0 0
0 0 0.038957 0.010644 -4
0 0 0 0 0
0 0 0 0 0
0 0 0 0 0
0 0 0 0 0
0 0 0 0 0
0 0 0 0 0
0 0 0 0 0
0 0 0 0 0
0 0 0 0 0
0 0 0 0 0
0 0 0 0 0
0 0 0 0 0
0 0 0 0 0
0 0 0 0 0
0 0 0 0 0
-0.014794 0.067431 0 0.002273 0
0 0 0 0 0
0 0 0 0 0
0 0 0 0 0
0 0 0 0 0
0 0 0 0 0
0 0 0 0 0
0 0 0 0 0
0 0 0 0 0
0 0 0 0 0
0 0 0 0 0
0 0 0 0 0
0 0 0 0 0
0 0 0 0 0
0 0 0 0 0
0 0 0 0 0
0 0 0 0 0
0 0 0 0.906586 0
0 0 0 0 0
0 0 0 0 0
0 0 0 0 0
0 0 0 0 0
0 0 0 0 0
0 0 0 0 0
0 0 0 0 0
0 0 0 0 0
0 0 0 0 0
0 0 0 0 0
0 0 0 0 0
0 0 0 0 0
0 0 0 0 0
0 0 0 0 0
0 0 0 0 0
0.7217365 0.901585 1.177362 0.423604 5.2312185
0.162527 0 0 0 0
0 0 0 0 0
0 0 0 0 0
0 0 0 0 0
0.161829 1.031412 0.856863 1.165306 -4.96
0 0 0 0 0
0 0 0 0 0
0 0 0 0 0
0 0 0 0 0
2.6613465 1.817223 1.831282 1.18898175 7.48
0.966757 0 0 1.575982 0
0 0 0 0 0
0 0 0 0 0
0 0 0 0 0
3.856813 3.194793 2.8678645 3.7713705 7.580097
0 0 0 0 0
0 0 0 0 0
0 0 0 0 0
0.384162 0.680233 0 0.314066 0
0 0 0 0 0
0 0 0 0 0
0 1.471366 0 0 0
0 3.312423 0 0 -4
0 0 0 0 0
0 0 0 0 0
1.527538 0 0 0 4
0 0.889711 0 0 0
0 0 0 0 0
0 0 0 0 0
0 0 0 0 0
1.159749 1.2 1.190231 2.464524 4
0.534708 0.287016 0 -0.415974 0
0 1.286923 0 0.037606 7.84
-0.092222 0.637792 0 0.461357 -6.4
1.513388 0.9093275 0.803668 1.96306225 4.068585
0 0 0 0 0
0.754272 0 0.346847 0 0
0 0 0 0.51338625 0
4.009161 2.26088325 2.916307 3.88346525 8.380639
0 0 0 0 0
0 0 0 0 0
0 0 0 0 0
2.826826 1.435319 2.121703 1.277782 4
0 0 0 0 0
0 0 0 0 0
0 0 0 0 0
3.874009 1.935378 2.379272 1.296073 0.683264
0 0 0 0 0
0 0 0 0 0
0 0 0 0 0
0 0 0 0 0
0 0 0 0 0
0 0 0 0 0
0 0 0 0 0
0 0 0 0 0
0 0 0 0 0
0 0 0 0 0
0 0 0 0 0
0 0 0 0 0
0 0 0 0 0
0 0 0 0 0
0 0 0 0 0
0.045403 0 0 3.324537 -4
0 0 0 0 0
0 0 0 0 0
0 0 0 0 0
0 0 0 0 0
0 0 0 0 0
0 0 0 0 0
0 0 0 0 0
0 0 0 0 0
0 0 0 0 0
0 0 0 0 0
0 0 0 0 0
0 0 0 0 0
0 0 0 0 0
0 0 0 0 0
0 0 0 0 0
0.027244 0 0 0 0
0 0 0 0 0
0 0 0 0 0
0 0 0 0 0
0 0 0 0 0
0 0 0 0 0
0 0 0 0 0
0 0 0 0 0
0 0 0 0 0
0 0 0 0 0
0 0 0 0 0
0 0 0 0 0
0 0 0 0 0
0 0 0 0 0
0 0 0 0 0
0 0 0 0 0
0 0 0 0 0
0 0 0 0 0
0 0 0 0 0
0 0 0 0 0
0 0 0 0 0
0 0 0 0 0
0 0 0 0 0
0 0 0 0 0
0 0 0 0 0
0 0 0 0 0
0 0 0 0 0
0 0 0 0 0
0 0 0 0 0
0 0 0 0 0
0 0 0 0 0
0 0 0 0 0
0 -0.052657 0 0 0
0 0 0 0 0
0 0 0 0 0
0 0 0 0 0
0 0 0 0 0
0 0 0 0 0
0 0 0 0 0
0 0 0 0 0
0 0 0 0 0
0 0 0 0 0
0 0 0 0 0
0 0 0 0 0
0 0 0 0 0
0 0 0 0 0
0 0 0 0 0
0 0 0 0 0
0 0 0 0.007194 0
0 0 0 0 0
0 0 0 0 0
0 0 0 0 0
0 0 0 0 0
0 0 0 0 0
0 0 0 0 0
0 0 0 0 0
0 0 0 0 0
0 0 0 0 0
0 0 0 0 0
0 0 0 0 0
0 0 0 0 0
0 0 0 0 0
0 0 0 0 0
0 0 0 0 0
0 0 0 0 0
0 0 0 0 0
0 0 0 0 0
0 0 0 0 0
0 0 0 0 0
0 0 0 0 0
0 0 0 0 0
0 0 0 0 0
0 0 0 0 0
0 0 0 0 0
0 0 0 0 0
0 0 0 0 0
0 0 0 0 0
0 0 0 0 0
0 0 0 0 0
0 0 0 0 0
0 0 0 0 0
0 0 0 0 0
0 0 0 0 0
0 0 0 0 0
0 0 0 0 0
0 0 0 0 0
0 0 0 0 0
0 0 0 0 0
0 0 0 0 0
0 0 0 0 0
0 0 0 0 0
0 0 0 0 0
0 0 0 0 0
0 0 0 0 0
0 0 0 0 0
0 0 0 0 0
0 0 0 0 0
0.2088575 1.2127125 1.153578 0.121689 -0.05427425
0 0 0 0 0
0 0 0 0 0
0 0 0 0.678895 4
0 0 0 0 0
1.26912 0 0.941239 4.047819 -6.4
0 0 0 0 0
0 0 0 0 0
0 0 0 0 0
0 0 0 0 0
0.896171 0 1.0512565 1.1043405 0
0 0 1.395886 0 0
0 0 0 0 0
0 0 0 0 0
0 0 0 0 0
1.862003 0.92163 1.98961 0.23445 2.944
1.290249 0 0 1.575648 -2.12
-0.2462695 0 0 0.824753 0
0.955029 0.43497 0.168422 0.874622 0
0.685147 0.770749 0.596846 1.092291 -2.512
0 0 0 0 0
0 0.082219 0.151651 0.330741 0
0.084044 0 0 0 -4
0.532243 2.128422 0 0.4250425 2.272
0 0 0 0 0
0 0 0 0 0
1.493164 0 0 1.824196 4.48
1.0655495 -0.159728 0 0.746829 0
0 0 0 0 0
0 0 0 0 0
0 0 0 0 0
1.5446925 1.608771 1.1710495 1.50458575 -1.144
0 0 0 0 0
0 0 0 0 0
0 0 0 0 0
0 0 0 0 0
0 0 0 0 0
0 0 0 0 0
0 0 0 0 0
-0.009343 0 0 0 0
0 0 0 0 0
0 0 0 0 0
0 0 0 0 -1.6
0.05797 0.045276 0 1.210251 4
0 0 0 0 0
0 0 0 0 0
0 0 0 0 0
0.069682 0.053568 0 0.287765 0
0 0 0 0 0
0 0 0 0 0
0 0 0 0 0
0 0 0 0 0
0 0 0 0 0
0 0 0 0 0
0 0 0 0 0
0 0 0 0 0
0 0 0 0 0
0 0 0 0 0
0 0 0 0 0
0 0 0 -0.713838 0
0 0 0 0 0
0 0 0 0 0
0 0 0 0 0
0.391963 0.177643 0.250326 0.125586 -6.4
0 0 0 0 0
0 0 0 0 0
0 0 0 0 0
0 0 0 0 0
0 0 0 0 0
0 0 0 0 0
0 0 0 0 0
0 0 0 0 0
0 0 0 0 0
0 0 0 0 0
0 0 0 0 0
0 0.034749 0 0 0
0 0 0 0 0
0 0 0 0 0
0 0 0 0 0
0.097494 2.0862575 0 0.025865 0
0 0 0 0 0
0 0 0 0 0
0 0 0 0 0
0 0 0 0 0
0 0 0 0 0
0 0 0 0 0
2.518248 0 0 0 0
0 0 0 0 0
0 0 0 0 0
0 0 0 0 0
0 0 0 0 0
0 0 0 0 0
0 0 0 0 0
0 0 0 0 0
0 0 0 0 0
0.051972 0 0 0 -4
0 0 0 0 0
0 0 0 0 0
0 0 0 0 0
0 0 0 0 0
0 0 0 0 0
0 0 0 0 0
0 0 0 0 0
0 0 0 0 0
0 0 0 0 0
0 0 0 0 0
0 0 0 0 0
0.020851 0 0 0.031678 0
0 0 0 0 0
0 0 0 0 0
0 0 0 0 0
0 0 0 0 0
0 0 0 0 0
0 0 0 0 0
0 0 0 0 0
0 0 0 0 0
0 0 0 0 0
0 0 0 0 0
0 0 0 0 0
0 0 0 0 0
0 0 0 0 0
0 0 0 0 0
0 0 0 0 0
0 0 0.019473 0.027898 0
0 0 0 0 0
0 0 0 0 0
0 0 0 0 0
0 0.126224 0 0 0
0 0 0 0 0
0 0.152454 0 0.469745 0
0 0 0 0 0
0 0 0 0 0
0 0 0 0 0
0 0 0 0 0
0 0 0 0 0
0 0 0 0 0
0 0 0 0 0
0 0 0 0 0
0 0 0 0 0
0 0 0 0 4.6
0 0 0 0 0
0 0 0 0 0
0 0 0 0 0
0 0 0 0 0
1.306462 0 0 0 0
0 0 0 0 0
0 0 0 0.45924 0
0 0 0 0 0
0 0 0 0 0
0 0 0 0 0
0 0 0 0 4
0 0 0 0 0
0 0 0 0 0
0 0 0 0 0
0 0 0 0 0
0 0 0 0 0
0 0 0 0 0
0 0 0 0 0
0 0 0 0 0
0 0 0 0 0
0.533818 0 0 0 0
0 0 0 0 0
0 0 0 0 0
0 0 0 0 0
0 0 0 0 0
0 0 0 0 0
0 0 0 0 0
0 0 0 0 0
0 0 0 0 0
0 0 0 0 0
0 0 0 0 0
0 0 0 0 0
0 0 0 0 0
0 0 0 0 0
0 0 0 0 0
0 0 0 2.56836 0
1.30564 0.25616625 0.330167 0.531953 2.627173
0.777462 0 1.845494 0.832439 2.88
0.673841 1.914736 -0.486062 0.992793 6.4
0.712645 1.585935 0.35196375 0.9086185 -0.007936
0 0 0 0 0
3.774524 2.273217 0.153974 2.326691 8.312735
0.285229 1.38096566666667 1.42623675 1.492195 1.6
1.707792 -0.446703 1.372091 4.068344 7.84
0 0 0 0 0
0 0 0 0 0
0.88234 2.037833 1.519342 0.831179 -2.5728
3.008653 2.074253 2.867871 2.094205 -3.26656
0 0 0 0 0
0 0 0 0 0
0 0 0 0 0
3.18781 2.953273 2.917441 3.29092975 2.1001945
