1.1882332 1.516611 1.494166 0.98966 -0.91136
0 1.356707 0 0.746521 0
0.722554 0.351543 0.568443 0 0
0 0 0 0.676529 0
0.306396 0 0 0 0
3.8324296 3.6499244 3.679543 2.4166614 4.895744
1.042827 1.763974 0.326434 0.497283 -2.96
1.6141474 0.574779 0 0 5.2
1.126573 1.237379 0.697041 0.415998 -5.728
0 0 0 0 0
1.0151718 1.86863 0.9860134 0.985214 -5.23612
1.5641276 0.97758 1.918627 0.974197 -4
4.7919464 4.687391 4.7907408 4.5650618 9.843004
0 0 0 0 0
0 0 0 0 0
2.317263 2.311939 3.8625888 4.372093 8.3584
1.256596 0 0 1.301024 -4
1.3274276 0.7855106 0.89645 1.494223 1.6
0.4101902 0.806607 0 0.226611 0
0 1.846206 0 0.963904 -4
0.676261 0 0 0 0
3.020199 0.625196 0 1.1718946 0
0.91437 0.531575 0 0.5775928 0
3.3573534 2.6189816 2.3755616 2.5994294 4.96
0.63547 0.557559 0 2.6858656 0.3584
0 0 0 1.46021 0
2.325595 2.824823 0 3.3206482 6.688
3.687415 0.582564 0 1.583254 -1.6
4.138735 3.271801 3.25108 3.6397322 0.5312
0 0 0 0 0
0 0 0 0 0
2.3881548 2.8397688 0.55068 3.126055 4.96
0 1.036774 0 0.456848 -4.48
1.2543096 1.36547 0 1.217329 0
0.329808 0 0.60154 0.723629 -4
0.408576 0.632123 0 0.361095 -5.92
0 0 0 0 0
1.200811 0 0 1.202988 4
0 0 0 0.667254 0
0 0 0 2.888389 6.4
1.307249 1.042793 0 1.95994 4
0 0 0 0 0
0 0.846929 0 2.280153 -4
1.439778 0 0 2.544089 0
1.4560858 1.832581 2.0672612 1.9274444 3.904
0 0 0 0 0
0 0 0 0 0
1.277028 0.494395 2.0628 1.236205 0
0.302163 0 0 0.565972 -4
0.376924 0 0 1.165426 -4
0.139337 0.65803 1.874374 2.198165 -4
0.675862 0 0 1.556218 0
0 0 0 0 0
0 0 0 0 0
0 0.460524 0 1.3645974 0
0.144753 0 0 0.563322 0
1.349384 0 0 0.952203 0
0 0 0 0 0
0 0 0 0 0
0 0.578145 0 0.971985 4
1.041997 0.6052466 1.408919 1.0297428 -4
0 0 0 0 0
0 0 0 0 0
1.59846675 0 0 0.8491584 0
0.540649 0.643706 0 1.1913664 0
0.3820896 0 0 0 -8.704
0 2.006227 0.617982 0 0
0 0 0.462615 1.162744 -4
0 0 0 0 0
0 0 0 0.77289 0
1.544296 0 0.475922 0.5429344 0
0.397564 0 0 0.673571 4
0 0 0 0 0
0 0 0 0 0
0 0.339658 0 0.780899 0
0.427143 0 0 1.198918 0
0 0 0 0.779802 4
0 0 0 0 0
0 0 0 0 0
0.8735214 1.346209 0 3.486748 7.84
0 0.613948 0 0 -5.2
0.23542 0 0 0.204359 0
0.670774 0 0 0 4
0 0 0 0 0
0 0 0 0 0
0.365153 0 0 0 0
0.194698 0 0 0.933441 0
3.065951 0 0 2.584911 4
0 0 0 0 0
0 0 0 0 0
0 0 0 0 0
0 0 1.299524 0 7.84
0.042251 0 0 0.047168 0
0 0 0 0 0
0 0 0 0 0
1.9637316 0 0.505915 1.829059 0
0.4496342 0.072552 0.151899 0.1660638 0
0 0 0 0.262741 0
0.455693 1.021399 0 1.200656 -4
1.057267 1.013451 0 0 0
0 0 0 0 0
0.238482 0 0 0.242238 0
0 0.125708 0 0 0
0 0 0 0 0
0 0 0 0 0
0 0 0 0 0
0 0 0 0 0
0.306882 0 0 1.133972 0
0 0 0 0 0
0 0 0 0 0
0 0 0 0 0
0 0 0 0 4
0 0 0.465626 0 0
0 0.499322 0 0.329845 0
0.55038 0.585523 0 1.299128 -4
1.887285 0 0.63721 0 4
0 0 0 0 0
1.8341072 0 0 0.225873 4
0 1.205502 0 0 0
0 0 0 0 0
0 0 0 0 0
0 0 0 0 0
0 0 0 0 0
0.278965 0 0 0 0
0 0 0 0 0
0 0 0 0 0
0 0 0 0 0
1.37534 0 0 0 0
0 0 0.137375 0 0
0 0 0 0.232277 -4
0 0 0.118902 0.041078 0
0.33509 0 0 0.386824 0
0 0 0 0 0
0 0 0 0 0
0 0 0 0 4
1.24788 1.827352 1.669598 0 6.4
0 0 0 0 0
0 0 0 0 0
0 0 0.042762 1.428684 0
0.278253 0.260269 0 0.601496 0
0 0 0 0 0
0 0 0 0 0
0 0 0 0 0
0.812854 0 0 0.513394 0
0.2507056 0.053105 0 0 4
0.2983956 0.17386 0.230053 0.199386 -1.4912
1.905513 0.5268426 0.8414444 3.67265 4.695296
1.195305 0.6431006 0.210195 0.6278696 3.079935
0 0 0 0 0
0 0 0 0.943158 0
-0.518359 0 0 0 6.688
0.93035625 2.7367748 1.3183 3.217032 1.152
0 0 0 0 0
0 0 0 0 0
0 0 0 1.7768532 5.44
0.960158666666667 1.83827 0.493715 1.706807 4
0 0 0 0 0
0 0 0 0 0
0 0 0 0 0
1.422353 0.341646 1.159103 1.2712924 0
0 0 0 0 0
0 0 0 0 0
0 0 0 0 0
0 0 0 0 0
0 0 0 0 0
0 0 0 0 0
0 0 0 0 0
0 0 0 0 0
0 0 0 0 0
0 0 0 0 0
0 0 0 0 0
0 0 0 0 0
0 0 0 0 0
0 0 0 0 0
0 0 0 0 0
0 0 0 0 0
0.978505 0.8905904 0.8994034 1.5744068 -6.022734
0 0 0 1.585258 0
0 0.541828 0 0 0
0 0.344183 0 0 0
0 0 0 0 0
2.0627434 0.994421 0.712217 2.484995 -7.4944
0 1.193518 0.878348 0.36247 -4
0.598453 0 0 0 0
0 0 0 0 0
0 0 0 0 0
1.816075 1.354478 0 2.015669 3.616
0.7607265 0.641282 0 1.4549172 -4
0 0 0 0 0
0 0 0 0 0
0 0 0 0 0
3.259106 2.736488 2.4329658 2.626891 5.65888
0 0.592489 0.729163 0 0
0.491363 1.316797 0.382313 0.669775 0
0.687113 0 1.382917 1.129748 -4
1.531667 1.182074 0 0.958615 0
0 0 0 0 0
1.497009 0 1.3104986 1.195061 0
0 0 0.708059 0.525962 4
0.376892 1.203666 0 0.327523 0
0 0 0 0 0
0 0 0 0 0
0 0 0 0.623279 4
0.585534 0 0 0 0
0 0 0 0 0
0 0 0 0 0
0 0 0 0 0
0.7322408 0.654715 1.367296 1.2147628 0
0 0 0 1.464975 0
0.642118 0 0 1.1885398 4
0.7458516 0 0.3673676 0 0
0.435319 1.113843 0 0.600051333333333 -4
0 0 0 0 0
0.828678 0.616273 0 0.617903 -4
0 0.281724 0 0.45331 0
0.9312 2.046303 0 0 2.88
0 0 0 0 0
0 0 0 0 0
0 1.126884 0 0 4
0 0 0 1.404645 0
0 0 0 0 0
0 0 0 0 0
0 0 0 0 0
0.960699 1.645359 0 1.2618952 4
0 0 0 0 -7.84
0.980343 0.561687 0 0 4
0.365875 0.296439 0.281786 0.413491 -4
0.543175 0 0 0 0
0 0 0 0 0
0 0.668186 0 0.42653 -4
0.896315 0 0 0.76135 0
0 0 0 0 0
0 0 0 0 0
0 0 0 0 0
0 0 0 0 0
0.262555 1.071613 0 0 -4
0 0 0 0 0
0 0 0 0 0
0 0 0 0 0
1.182126 0 1.120597 0 -3.04
0 0.579178 0 0 0
1.11496 0 0 0.716742 0
0.3643284 0.332274 0 1.00104 0.16
0 0 0 0 0
0 0 0 0 0
0 0 0 0 0
0.445829 0 0 0 4
0 0 0 0 0
0 0 0 0 0
0 0 0 0 0
0 0 0 0 0
0 0 0 1.200694 0
0 0 0 0 0
0 0 0 0 0
0 0 0 0 0
0 1.826569 0 0.8284138 0
0 0 0 0 0
0.190367 0 0 0 4
0 0 0 0.159804 0
0.362475 0 0 0.670662 0
0 0 0 0 0
0 0 0 0 4
0 0 0 0 0
1.155868 0.689936 0 0 0
0 0 0 0 0
0 0 0 0 0
0 0 0 0 0
0 0 0 0 0
0 0 0 0 0
0 0 0 0 0
0 0 0 0 0
0 0.516285 0 0 0
0 0 0 0 0
1.101008 0 0 0.351163 0
0.922304 0 0 0.743911 0
0 0 0.948081 1.4427958 0
0 0 0 0 0
0.000107 0 0 0.634595 0
0.051831 0 0 0.256604 4
0.307435 0 0 0 0
0 0 0 0 0
0 0 0 0 0
0 0 0 0 0
0 0 0 0 0
0 0 0 0 0
0 0 0 0 0
0 0 0 0 0
0 0 0.55213 1.211181 4
0.568575 0 0 -0.008233 0
0.142129 0 0 0 -4
0.5974234 0.405154 0 2.460531 -6.4
0 0 0 0.340986 -4
0 0 0 0 0
0.252236 0 0 0 -4
0 0 0 0.22783 0
0 0 0 0 0
0 0 0 0 0
0 0 0 0 0
0 0 0 0 0
0 0 0 0 0
0 0 0 0 0
0 0 0 0 0
0 0 0 0 0
0 0 0 0 0
0.518383 -0.217371 0 0.336451 -4
0.56452 0 0 0.319087 -0.49664
1.9070712 1.16218 0 0.313439 6.4
0.8153092 1.627516 0.1225396 1.220926 0.54528
0 0 0 0 0
0 0 0 0 0
1.2018728 0.5460948 0.203346 1.531193 0
1.25378 2.821574 0 1.0216786 7.264
0 0 0 0 0
0 0 0 0 0
0 0 0 0 4
0.452572 1.488 0 0.783385 4.96
0 0 0 0 0
0 0 0 0 0
0 0 0 0 0
0.445307 0 0.5914752 0.7705186 0.48
0 0 0 0 0
0 0 0 0 0
0 0 0 0 0
0 0 0 0 0
0 0 0 0 0
0 0 0 0 0
0 0 0 0 0
0 0 0 0 0
0 0 0 0 0
0 0 0 0 0
0 0 0 0 0
0 0 0 0 0
0 0 0 0 0
0 0 0 0 0
0 0 0 0 0
0 0 0 0 0
0 0 0 0 0
0 0 0 0 0
0 0 0 0 0
0 0 0 0 0
0 0 0 0 0
0 0 0 0 0
0 0 0 0 0
0 0 0 0 0
0 0 0 0 0
0 0 0 0 0
0 0 0 0 0
0 0 0 0 0
0 0 0 0 0
0 0 0 0 0
0 0 0 0 0
0 0 0 0 0
1.178505 2.297139 1.727422 2.696378 -6.4
0 0.897272 0 1.243178 -4
0 0 0 0 0
0 0.299114 0 0 0
0 0 0 0 0
2.12414 2.379753 1.883516 3.0466552 7.552
0 0 0 1.925918 0
0 0 0 0 0
0 0 0 0 0
0 0 0 0 0
1.6029488 1.482031 1.927198 3.6060208 7.552
0 0 2.305476 0 0
0 0 0 0 0
0 0 0 0 0
0 0 0 0 0
2.922281 2.656091 1.799283 3.9952594 9.346816
0.521077 0 0 0.646784 4
0 0 0 0 0
0 0.559927 0 0 0
0 0 0 0 0
0 0 0 0 0
0 1.215026 0 0.843996 4
0 0 0 0.099726 -4
0 0 0 0.476719 0
0 0 0 0 0
0 0 0 0 0
2.5334766 1.736954 0 2.093646 5.92
1.190651 0 0 1.89636 0
0 0 0 0 0
0 0 0 0 0
0 0 0 0 0
1.232832 0.372019 0 0.8251148 4
1.084418 0 1.058357 1.154078 0
0 0 0 0 -4
0.240726 0 0 0 -6.4
0 1.445587 0 0 4
0 0 0 0 0
1.5928236 0 1.374182 1.199746 4
0 0 0 0 4
0 0.373947 0 0.248212 1.6
0 0 0 0 0
0 0 0 0 0
0 1.244225 0 1.196525 0
0 1.865961 0 0 0
0 0 0 0 0
0 0 0 0 0
0 0 0 0 0
0 0.4466972 0 0.8276616 0
0 1.131166 0 0 0
0 0.333232 0 0 0
0 0 0 0 -4
0.342347 0 0 0 0
0 0 0 0 0
0 0 0 0 0
0 0 0 0 0
0 0 0 0.180952 0
0 0 0 0 0
0 0 0 0 0
0 0 0 0.197048 4
0 0 0 0.407128 0
0 0 0 0 0
0 0 0 0 0
0 0 0 0 0
1.063798 0 0 1.188937 7.84
0 0 0 0 0
0 0 0 0.688793 -4
0.125402 0.271158 0 0 -4
0.113739 0.151246 0 0 0
0 0 0 0 0
0 0 0 0 0
0 0 0 0.496984 -1.6
0 0 0 0 0
0 0 0 0 0
0 0 0 0 0
0 0 0 0 0
1.484728 0 0 0 0
0 0 0 0 0
0 0 0 0 0
0 0 0 0 0
0 0.239109333333333 0 0.8503764 4
0 0 0 0 0
0 0 0.308364 0 1.6
0 0 0 0 0
0 1.195833 1.11774 1.975593 -4
0 0 0 0 0
0 0 0 0 0
0 0 0.170848 0.336396 0
0.073225 0 0 0 -4
0 0 0 0 0
0 0 0 0 0
0 0 0 0 0
0 0 0 0 0
0 0 0 0 0
0 0 0 0 0
0 0 0 0 0
0 0 0 1.850732 0
0 0 0 0 -4
0 0 0 0.419928 -4
0 0 0 0.079081 0
0.213986 0 0 0 0
0 0 0 0 0
0 0 0 0 0
0 0 0 0 0
0 0 0 0 0
0 0 0 0 0
0 0 0 0 0
0 0 0 0 0
0 0 0 0 0
0 0 0 0 0
0 0 0 0 0
0 0 0 0 0
0 0 0 1.235034 0
-0.178717 0.994264 0.39883 -0.289457 4
1.310587 0 0.046503 0.374378 -8.5312
0.269852 0.458906 0.314324 0.8594992 -8.296192
0.761334 2.355906 0 1.188714 4
0 0 0 0 0
0 0 0 0 -4
1.2229852 0 0 2.409626 -0.16
0.301134 0.319862 0.340786 0.534609 0
0 0 0 0 0
0 0 0 0 0
0 0 0 0 4
0.523082 0.692588 0.494706 0.5549232 -4
0 0 0 0 0
0 0 0 0 0
0 0 0 0 0
0.89191 0 0 0 4
0 0 0 0 0
0 0 0 0 0
0 0 0 0 0
0 0 0 0 0
0 0 0 0 0
0 0 0 0 0
0 0 0 0 0
0 0 0 0 0
0 0 0 0 0
0 0 0 0 0
0 0 0 0 0
0 0 0 0 0
0 0 0 0 0
0 0 0 0 0
0 0 0 0 0
2.124514 0 0 0 0
0 0 0 0 0
0 0 0 0 0
0 0 0 0 0
0 0 0 0 0
0 0 0 0 0
0 0 0 0 0
0 0 0 0 0
0 0 0 0 0
0 0 0 0 0
0 0 0 0 0
0 0 0 0 0
0 0 0 0 0
0 0 0 0 0
0 0 0 0 0
0 0 0 0 0
0 0 0 0 0
0 0 0 0 0
0 0 0 0 0
0 0 0 0 0
0 0 0 0 0
0 0 0 0 0
0 0 0 0 0
0 0 0 0 0
0 0 0 0 0
0 0 0 0 0
0 0 0 0 0
0 0 0 0 0
0 0 0 0 0
0 0 0 0 0
0 0 0 0 0
0 0 0 0 0
0.022476 0 0 0 0
1.286027 1.135538 0.819788 1.6841236 -1.1787264
0.973031 0 0 0 0
0 0 0 0 -4
0 0.534072 0.377818 0.93608 0
0 0 0 0 0
1.149509 1.520447 0.701787 1.4516342 -2.4192
0.495289 0.471309 0 0 4
0 0 0 0 0
0 0 0 0 0
0 0 0 0 0
3.237702 1.314371 2.4296052 4.0911832 8.1856
0 0 0 0.800368 0
0 0 0 0 0
0 0 0 0 0
0 0 0 0 0
1.736932 2.0664718 0.355382 1.887296 1.6
0.955409 1.9875255 0 0 0
0 0 0 1.656344 0
0 0 0 0.204089 0
0.32407 0 0 0.49335 -4
0 0 0 0 0
2.91955 0.170421 1.191054 3.429564 0
-0.138331 0.152322 0 0.698023 0
0 0 1.28883 0 0
0 0 0 0 0
0 0 0 0 0
0 0.196436 0 1.335797 4
0 0 2.289068 1.6316312 4
0 0 0 0 0
0 0 0 0 0
0 0 0 0 0
0.285151 0.475297 0 1.162472 0
0 0 0 0 0
0 0 0 0 0
0.55688 0 0 0 0
0 1.144676 0 0.7897536 4
0 0 0 0 0
0 0 0 0 0
0.149731 0 0 0 4
0 0 0.6702914 -0.083929 4
0 0 0 0 0
0 0 0 0 0
0 0 0 0.042479 0
0 0 0 0 0
0 0 0 0 0
0 0 0 0 0
0 0 0 0 0
1.049924 0 0 0 0
0 0.430171 0 -0.038067 0
0 0 0 0 0
0 0 0 0 0
0 0.29543 1.172947 0 0
0 0 0 0 0
0 0 0 0 0
0 0 0 0 -4
0 0 0.476965 0.79533 0
0 0 0 0 0
0 0 0 0 0
0 0 0 0 0
0 0 0 0 0
0 0 0 0 0
0 0 0 0 0
0 0 0 0 0
1.166338 0 0 0 4
0 0 0 0 0
0 0 0 0 0
0 0 0 0 -4
0 0 0 0.062197 0
0 0 0 0 0
0 0 0 0 0
0 0 0 0 0
0 0.357656 0 0 0
0 0 0 0 0
0 0 0 0 0
0 0 0 0 0
1.12792 0 0 0 0
0 0 0 0 0
0 0 0 0 0
0 0 0 0 0
0 0 0 1.98529 0
0.555849 0 0 0 0
0 0 0 0 0
0 0 0 0 0
0.441236 0 0 0.427418 0
0 0 0 0 0
0 0 0 0 0
0 0 0 0 0
0 0 0 0 0
0 0 0 0 0
0 0 0 0 0
0 0 0 0 0
0 0 0 0 0
0 0 0 0 0
0 0 0 0 0
0 0 0 0 0
-0.068279 0 0 0 0
0 0 0 0.182458 -4
0.3482775 0.9013338 0 1.768373 0
0.198857 0.231347 0 1.000917 -4.96
0.140886333333333 0.2952886 0 2.3045368 4.96
0 0 0 0 0
0 0 0 0 0
0 0 0 0 1.6
1.163732 0 0.077685 0.3483946 4
0 0 0 0 0
0 0 0 0 0
0 0 0 0 0
0 1.9209554 0.289987 0.538305 6.4
0 0 0 0 0
0 0 0 0 0
0 0 0 0 0
1.361356 0 0 2.321204 0
0 0 0 0 0
0 0 0 0 0
0 0 0 0 0
0 0 0 0 0
0 0 0 0 0
0 0 0 0 0
0 0 0 0 0
0 0 0 0 0
0 0 0 0 0
0 0 0 0 0
0 0 0 0 0
0 0 0 0 0
0 0 0 0 0
0 0 0 0 0
0 0 0 0 0
0 0 0 0 0
0 0 0 0 0
0 0 0 0 0
0 0 0 0 0
0 0 0 0 0
0 0 0 0 0
0 0 0 0 0
0 0 0 0 0
0 0 0 0 0
0 0 0 0 0
0 0 0 0 0
0 0 0 0 0
0 0 0 0 0
0 0 0 0 0
0 0 0 0 0
0 0 0 0 0
0 0 0 0 0
0 0 0 0 0
0 0 0 0 0
0 0 0 0 0
0 0 0 0 0
0 0 0 0 0
0 0 0 0 0
0 0 0 0 0
0 0 0 0 0
0 0 0 0 0
0 0 0 0 0
0 0 0 0 0
0 0 0 0 0
0 0 0 0 0
0 0 0 0 0
0 0 0 0 0
0 0 0 0 0
0 0 0 0 0
0 0 0 0 0
0 0 0 0 0
0 0 0 0 0
0 0 0 0 0
0 0 0 0 0
0 0 0 0 0
0 0 0 0 0
0 0 0 0 0
0 0 0 0 0
0 0 0 0 0
0 0 0 0 0
0 0 0 0 0
0 0 0 0 0
0 0 0 0 0
0 0 0 0 0
1.5083142 1.24088 2.1262706 1.5886446 -8.416
0 0 0 0 0
0 0 0 0 0
0 0 0 0 0
0 0 0 0 0
3.661366 4.609154 2.914272 4.689303 9.7499244
0 0 0 1.002777 0
0 0 0 0 0
0 0 0 0 0
0 0 0 0 0
1.5381312 2.287726 0.642864 0.896501 0.48
0 0 0 0 0
0 0 0 0 0
0 0 0 0 0
0 0 0 0 0
1.0370178 1.66906 0.775636 2.076988 0
0 0 0 0 0
0 0 0 0 0
0.178195 0 0 0 0
1.456681 0 0 0 0
0 0 0 0 0
0 1.2 0 0 4
0.69625 0 0 0 0
0 0 0 0 0
0 0 0 0 0
0 0 0 0 0
0 0.068855 0 0.303329 -4
0 0 0 0.065035 0
0 0 0 0 0
0 0 0 0 0
0 0 0 0 0
0 0 0 1.211491 0
0 0 0 0 0
0 0 0 0 0
0 0 0 0 0
0 0 0 0 0
0 0 0 0 0
0 0 0 0 0
0 0 0 0 0
0 0.153926 0 0 0
0 0 0 0 0
0 0 0 0 0
0 0 0 0.63565 6.4
0 0 0 0.772698 0
0 0 0 0 0
0 0 0 0 0
0 0 0 0 0
1.0063518 0 0.9185768 0 4
0 0 0 0.426342 0
0 0 0 0 0
0 0 0 0 0
0.282301 0 0 0 0
0 0 0 0 0
0 0 0 0 4
0 0 0 0 0
0 0 0 0 0
0 0 0 0 0
0 0 0 0 0
0 0.15347 0 0.032492 4
0 0 0 0 0
0 0 0 0 0
0 0 0 0 0
0 0 0 0 0
0 0 0 0 0
0 0 0 0 0
0 0 0 0 0
0 0 0 0 0
0 0 0 0 0
0 0 0 0 0
0 0 0 1.043629 0
1.125605 0 0 0 0
0 0 0 0 0
0 0 0 0 0
0 0 0 0 0
0 0 0 0 0
0.308973 0.39945 0 0 0
0 0 0 0 0
0 0 0 0 0
0 0 0 0 0
1.175523 0 0.679773 0.2495 4
0.280699 0 1.14492 0.325914 -0.48
0.567414 0 0 -0.27842275 -4
0 0 0.100225 1.5614316 3.3088
1.109892 0.5700042 -0.087002 0.847248 0.64
0 0 0 0 0
0 0 0 0 4
0.902015 0 0 0 4
0.422508 0 -0.003185 0.3651808 -0.91136
0 0 0 0 0
0 0 0 0 0
0 0 0 0 0
1.757749 0.92088925 0 1.171058 4
0 0 0 0 0
0 0 0 0 0
0 0 0 0 0
0.9915078 0.032042 1.306684 0 4.48
0 0 0 0 0
0 0 0 0 0
0 0 0 0 0
0 0 0 0 0
0 0 0 0 0
0 0 0 0 0
0 0 0 0 0
0 0 0 0 0
0 0 0 0 0
0 0 0 0 0
0 0 0 0 0
0 0 0 0 0
0 0 0 0 0
0 0 0 0 0
0 0 0 0 0
0 0 0 0 0
0 0 0 0 0
0 0 0 0 0
0 0 0 0 0
0 0 0 0 0
0 0 0 0 0
0 0 0 0 0
0 0 0 0 0
0 0 0 0 0
0 0 0 0 0
0 0 0 0 0
0 0 0 0 0
0 0 0 0 0
0 0 0 0 0
0 0 0 0 0
0 0 0 0 0
0 0 0 0 0
0 0 0 0 0
0 0 0 0 0
0 0 0 0 0
0 0 0 0 0
0 0 0 0 0
0 0 0 0 0
0 0 0 0 0
0 0 0 0 0
0 0 0 0 0
0 0 0 0 0
0 0 0 0 0
0 0 0 0 0
0 0 0 0 0
0 0 0 0 0
0 0 0 0 0
0 0 0 0 0
0 0 0 0 0
0 0 0 0 0
0 0 0 0 0
0 0 0 0 0
0 0 0 0 0
0 0 0 0 0
0 0 0 0 0
0 0 0 0 0
0 0 0 0 0
0 0 0 0 0
0 0 0 0 0
0 0 0 0 0
0 0 0 0 0
0 0 0 0 0
0 0 0 0 0
0 0 0 0 0
0 0 0 0 0
0 0 0 0 0
0 0 0 0 0
0 0 0 0 0
0 0 0 0 0
0 0 0 0 0
0 0 0 0 0
0 0 0 0 0
0 0 0 0 0
0 0 0 0 0
0 0 0 0 0
0 0 0 0 0
0 0 0 0 0
0 0 0 0 0
0 0 0 0 0
0 0 0 0 0
0.8942528 0.152129 0.3937326 1.04954 -5.85472
0 0 0 0 0
0 0 0 0 0
0 0 0 0 0
0 0 0 0 0
0.733773 0.364101 1.202213 0.3702698 -1.6
0 0 0 0 0
0 0 0 0 0
0 0 0 0 0
0 0 0 0 0
1.855047 1.923783 0 2.6880856 5.44
0 0 0 0.515902 0
0 0 0 0 0
0 0 0 0 0
0 0 0 0 0
1.2784598 1.612181 0 2.656017 4.96
0 0 0 0 0
0 0 0 0 0
0 0 0 0 0
0 0 0.339018 0 0
0 0 0 0 0
0.149286 0.157953 0 0.238356 0
0 0 0 0 4
0 0 0 0.095128 0
0 0 0 0 0
0 0 0 0 0
0.54709 0 0 0.918057 -4
0 0 0 0.516787 4
0 0 0 0 0
0 0 0 0 0
0 0 0 0 0
1.8681906 0.4956056 -0.247138 0.645362 0
0 0 0 0.284213 0
0 0 0 0 0
0 0 0 0 0
0 0 0.571574 0 -4
0 0 0 0 0
0 0 0 0 0
0 0 0 0 -4
0 0 0 0.426168 0
0 0 0 0 0
0 0 0 0 0
0 0 0 0 0
0 -0.754615 0 1.36635 0
0 0 0 0 0
0 0 0 0 0
0 0 0 0 0
0 0 0 0 4
0 0 0 0 0
0 0 0 0 0
0 0 0 1.141998 0
0 0 1.413385 0.978871 0
0 0 0 0 0
0 0 0 0 0
0 0 0 0 0
1.655361 0 0 0 0
0 0 0 0 0
0 0 0 0 0
0 0 0 0 0
0 0 0 0 0
0 0 0 0 0
0 0 0 0 0
0 0 0 0 0
0 0 0 0 4
0 0 0 0 -4
0.200779 0 0 0.421773 -4
0.644962 0 0 0.964446 1.6
1.713847 1.251799 -0.941777 0.3212346 -3.01056
0 0 0 0 0
0 0 0 0 4
0 0 0 0 0
0 0 0 1.187612 4
0 0 0 0 0
0 0 0 0 0
0 1.726341 0 0 0
0 1.916622 0 0 0
0 0 0 0 0
0 0 0 0 0
0 0 0 0 0
1.51807 0 0 1.355646 4
0 0 0 0 0
0 0 0 0 0
0 0 0 0 0
0 0 0 0 0
0 0 0 0 0
0 0 0 0 0
0 0 0 0 0
0 0 0 0 0
0 0 0 0 0
0 0 0 0 0
0 0 0 0 0
0 0 0 0 0
0 0 0 0 0
0 0 0 0 0
0 0 0 0 0
0 0 0 0 -4
0 0 0 0 0
0 0 0 0 0
0 0 0 0 0
0 0 0 0 0
0 0 0 0 0
0 0 0 0 0
0 0 0 0 0
0 0 0 0 0
0 0 0 0 0
0 0 0 0 0
0 0 0 0 0
0 0 0 0 0
0 0 0 0 0
0 0 0 0 0
0 0 0 0 0
0 0 0 0 0
0 0 0 0 0
0 0 0 0 0
0 0 0 0 0
0 0 0 0 0
0 0 0 0 0
0 0 0 0 0
0 0 0 0 0
0 0 0 0 0
0 0 0 0 0
0 0 0 0 0
0 0 0 0 0
0 0 0 0 0
0 0 0 0 0
0 0 0 0 0
0 0 0 0 0
0 0 0 0 0
0 0 0 0 0
0 0 0 0 0
0 0 0 0 0
0 0 0 0 0
0 0 0 0 0
0 0 0 0 0
0 0 0 0 0
0 0 0 0 0
0 0 0 0 0
0 0 0 0 0
0 0 0 0 0
0 0 0 0 0
0 0 0 0 0
0 0 0 0 0
0 0 0 0 0
0 0 0 0 0
0 0 0 0 0
0 0 0 0 0
0 0 0 0 0
0 0 0 0 0
0 0 0 0 0
0 0 0 0 0
0 0 0 0 0
0 0 0 0 0
0 0 0 0 0
0 0 0 0 0
0 0 0 0 0
0 0 0 0 0
0 0 0 0 0
0 0 0 0 0
0 0 0 0 0
0 0 0 0 0
0 0 0 0 0
0 0 0 0 0
0 0 0 0 0
0 0 0 0 0
0 0 0 0 0
0 0 0 0 0
0 0 0 0 0
0 0 0 0 0
0 0 0 0 0
0 0 0 0 0
0 0 0 0 0
0 0 0 0 0
0 0 0 0 0
0 0 0 0 0
0 0 0 0 0
0 0 0 0 0
-0.236463 0.9773486 0.4684228 0.693127 -6.545644
0 0 0.121619 0 0
0 0 0 0 0
0 0 0 0 0
0 0 0 0 0
0.786272 1.299666 0.20032 1.90429 3.04
0 0 0 0 0
0 0 0 0 0
0 0 0 0 0
0 0 0 0 0
0 0 0.16369 1.4877748 4
0 0 0 0 0
0 0 0 0 0
0 0 0 0 0
0 0 0 0 0
1.0546768 0 0.322321 2.9490706 8.704
0 0 0 0 0
0 0.201094 0 0 0
0 0 0 0 0
0 0.91099 0.55297 1.475999 -4
0 0 0 0 0
0 0 0 0 0
0 0 0 0 0
0 0 0.557116 1.211717 0
0 0 0 0 0
0 0 0 0 0
0 0 0 0 0
-0.108751 0 0 1.6448858 0
0 0 0 0 0
0 0 0 0 0
0 0 0 0 0
0 0.9217802 1.829566 0 0
0 0 0 0 0
0 0 0 0 0
0 0 0 0 0
1.245443 0 -0.097177 0.997832 -1.44768
0 0 0 0 0
0 0 -0.787611 0 0
0 1.752026 0 0 4
0 1.680225 0 0 0
0 0 0 0 0
0 0 0 0 0
0 0 0 0 0
0 0 0 0 0
0 0 0 0 0
0 0 0 0 0
0 0 0 0 0
0 0.616576 1.276634 0 0
0 0.181539 0 0 0
0 0 0 1.695803 4
0 0 0 0 -5.2
1.337496 3.221143 0.221571 1.211086 0
0 0 0 0 0
0 0 0 0 0
0 0 0 0 0
1.198315 3.103299 0 1.704976 4.9024
0 0 0 0 0
0 0 0 0 0
0 0 0 0 0
0.9374702 0 0.3571548 1.526392 6.4
0 0 0 0 0
0 0 0 0 0
0 0 0 0 0
0.948435 0 0 0 7.552
0 0 0 0 0
0 0 0 0 0
0 0 0 0 0
0 0 0 0 0
0 0 0 0 0
0 0 0 0 0
0 0 0 0 0
0 0 0 0 0
0 0 0 0 0
0 0 0 0 0
0 0 0 0 0
0 0 0 0 0
0 0 0 0 0
0 0 0 0 0
0 0 0 0 0
0 0 0 0 0
0 0 0 0 0
0 0 0 0 0
0 0 0 0 0
0 0 0 0 0
0 0 0 0 0
0 0 0 0 0
0 0 0 0 0
0 0 0 0 0
0 0 0 0 0
0 0 0 0 0
0 0 0 0 0
0 0 0 0 0
0 0 0 0 0
0 0 0 0 0
0 0 0 0 0
0.0342178 0 0 0 0
0 0 0 0 0
0 0 0 0 0
0 0 0 0 0
0 0 0 0 0
0 0 0 0 0
0 0 0 0 0
0 0 0 0 0
0 0 0 0 0
0 0 0 0 0
0 0 0 0 0
0 0 0 0 0
0 0 0 0 0
0 0 0 0 0
0 0 0 0 0
0 0 0 0 0
0 0 0 0 0
0 0 0 0 0
0 0 0 0 0
0 0 0 0 0
0 0 0 0 0
0 0 0 0 0
0 0 0 0 0
0 0 0 0 0
0 0 0 0 0
0 0 0 0 0
0 0 0 0 0
0 0 0 0 0
0 0 0 0 0
0 0 0 0 0
0 0 0 0 0
0 0 0 0 0
0 0 0 0 0
0 0 0 0 0
0 0 0 0 0
0 0 0 0 0
0 0 0 0 0
0 0 0 0 0
0 0 0 0 0
0 0 0 0 0
0 0 0 0 0
0 0 0 0 0
0 0 0 0 0
0 0 0 0 0
0 0 0 0 0
0 0 0 0 0
0 0 0 0 0
0 0 0 0 0
-0.0147942 0.067431 0 0.002273 0
0 0 0 0 0
0 0 0 0 0
0 0 0 0 0
0 0 0 0 0
0 0 0 0 0
0 0 0 0 0
0 0 0 0 0
0 0 0 0 0
0 0 0 0 0
0 0 0 0 0
0 0 0 0 0
0 0 0 0 0
0 0 0 0 0
0 0 0 0 0
0 0 0 0 0
0 0 0 0 0
0 0 0 0.906586 0
0 0 0 0 0
0 0 0 0 0
0 0 0 0 0
0 0 0 0 0
0 0 0 0 0
0 0 0 0 0
0 0 0 0 0
0 0 0 0 0
0 0 0 0 0
0 0 0 0 0
0 0 0 0 0
0 0 0 0 0
0 0 0 0 0
0 0 0 0 0
0 0 0 0 0
0.9734996 0.669157 0.764321 1.216547 1.6
0.162527 0 0 0 0
0 0 0 0 0
0 0 0 0 0
0 0 0 0 0
0.853382 0.805277 0.856863 0.937622 4
0 0 0 0 0
0 0 0 0 0
0 0 0 0 0
0 0 0 0 0
0 1.079147 0 1.646326 4
0 0 0 1.575982 0
0 0 0 0 0
0 0 0 0 0
0 0 0 0 0
3.752395 2.159055 1.845488 1.459033 7.84
0 0 0 0 0
0 0 0 0 0
0 0 0 0 0
0.384162 0 0 0.2319618 0
0 0 0 0 0
0 0 0 0 0
0 1.471366 0 0 0
0 3.312423 0 0 0
0 0 0 0 0
0 0 0 0 0
1.527538 0 0 0 4
0 0 0 0 0
0 0 0 0 0
0 0 0 0 0
0 0 0 0 0
1.159749 0 0 2.007126 4
1.334474 0 0 0.610819 0
0 0 0 -0.084263 0
0 0 0 0 0
0.547007 0 0.325788 0.6730696 -9.533441
0 0 0 0 0
0.754272 0 0.346847 0 0
0 0 0 0 0
2.046508 1.56 0.6008434 2.925892 7.12
0 0 0 0 0
0 0 0 0 0
0 0 0 0 0
0.291903 0 2.121703 0 0
0 0 0 0 0
0 0 0 0 0
0 0 0 0 0
0 0 0 0.623939 0
0 0 0 0 0
0 0 0 0 0
0 0 0 0 0
0 0 0 0 0
0 0 0 0 0
0 0 0 0 0
0 0 0 0 0
0 0 0 0 0
0 0 0 0 0
0 0 0 0 0
0 0 0 0 0
0 0 0 0 0
0 0 0 0 0
0 0 0 0 0
0 0 0 0 0
0 0 0 0 0
0 0 0 0 0
0 0 0 0 0
0 0 0 0 0
0 0 0 0 0
0 0 0 0 0
0 0 0 0 0
0 0 0 0 0
0 0 0 0 0
0 0 0 0 0
0 0 0 0 0
0 0 0 0 0
0 0 0 0 0
0 0 0 0 0
0 0 0 0 0
0 0 0 0 0
0.027244 0 0 0 0
0 0 0 0 0
0 0 0 0 0
0 0 0 0 0
0 0 0 0 0
0 0 0 0 0
0 0 0 0 0
0 0 0 0 0
0 0 0 0 0
0 0 0 0 0
0 0 0 0 0
0 0 0 0 0
0 0 0 0 0
0 0 0 0 0
0 0 0 0 0
0 0 0 0 0
0 0 0 0 0
0 0 0 0 0
0 0 0 0 0
0 0 0 0 0
0 0 0 0 0
0 0 0 0 0
0 0 0 0 0
0 0 0 0 0
0 0 0 0 0
0 0 0 0 0
0 0 0 0 0
0 0 0 0 0
0 0 0 0 0
0 0 0 0 0
0 0 0 0 0
0 0 0 0 0
0 0 0 0 0
0 0 0 0 0
0 0 0 0 0
0 0 0 0 0
0 0 0 0 0
0 0 0 0 0
0 0 0 0 0
0 0 0 0 0
0 0 0 0 0
0 0 0 0 0
0 0 0 0 0
0 0 0 0 0
0 0 0 0 0
0 0 0 0 0
0 0 0 0 0
0 0 0 0 0
0 0 0 0 0
0 0 0 0 0
0 0 0 0 0
0 0 0 0 0
0 0 0 0 0
0 0 0 0 0
0 0 0 0 0
0 0 0 0 0
0 0 0 0 0
0 0 0 0 0
0 0 0 0 0
0 0 0 0 0
0 0 0 0 0
0 0 0 0 0
0 0 0 0 0
0 0 0 0 0
0 0 0 0 0
0 0 0 0 0
0 0 0 0 0
0 0 0 0 0
0 0 0 0 0
0 0 0 0 0
0 0 0 0 0
0 0 0 0 0
0 0 0 0 0
0 0 0 0 0
0 0 0 0 0
0 0 0 0 0
0 0 0 0 0
0 0 0 0 0
0 0 0 0 0
0 0 0 0 0
0 0 0 0 0
0 0 0 0 0
0 0 0 0 0
0 0 0 0 0
0 0 0 0 0
0 0 0 0 0
0 0 0 0 0
0 0 0 0 0
0 0 0 0 0
0 0 0 0 0
0 0 0 0 0
0 0 0 0 0
0 0 0 0 0
0 0 0 0 0
0 0 0 0 0
0 0 0 0 0
0 0 0 0 0
0.685026 0.099796 1.259416 1.006425 -1.222401
0 0 0 0 0
0 0 0 0 0
0 0 0 0.6909246 4
0 0 0 0 0
0 0 0.454373 0 -4
0 0 0 0 0
0 0 0 0 0
0 0 0 0 0
0 0 0 0 0
1.0241518 0 0.911377 1.486069 0
0 0 1.395886 0 0
0 0 0 0 0
0 0 0 0 0
0 0 0 0 0
3.244999 0.92163 3.652455 1.010589 -4
0.3822178 0 0 1.5756476 4
0 0 0 0 0
0.8460505 0 0 0 0
0.6055234 0 2.032022 0.630966 -4
0 0 0 0 0
0 0.082219 0.151651 0.330741 0
0.084044 0 0 0 0
0.5599574 0 0 0.619742 -4
0 0 0 0 0
0 0 0 0 0
1.493164 0 0 1.824196 4
1.2427746 0 0 0 0
0 0 0 0 0
0 0 0 0 0
0 0 0 0 0
2.223385 2.968457 0.903523 1.125912 -5.92
0 0 0 0 0
0 0 0 0 0
0 0 0 0 0
0 0 0 0 0
0 0 0 0 0
0 0 0 0 0
0 0 0 0 0
0 0 0 0 0
0 0 0 0 0
0 0 0 0 0
0 0 0 0 0
0 0 0 0 0
0 0 0 0 0
0 0 0 0 0
0 0 0 0 0
0.096927 0.053568 0 0.189391 0
0 0 0 0 0
0 0 0 0 0
0 0 0 0 0
0 0 0 0 0
0 0 0 0 0
0 0 0 0 0
0 0 0 0 0
0 0 0 0 0
0 0 0 0 0
0 0 0 0 0
0 0 0 0 0
0 0 0 -0.713838 0
0 0 0 0 0
0 0 0 0 0
0 0 0 0 0
0.090558 0.177643 0 0 0
0 0 0 0 0
0 0 0 0 0
0 0 0 0 0
0 0 0 0 0
0 0 0 0 0
0 0 0 0 0
0 0 0 0 0
0 0 0 0 0
0 0 0 0 0
0 0 0 0 0
0 0 0 0 0
0 0 0 0 0
0 0 0 0 0
0 0 0 0 0
0 0 0 0 0
0.097494 0 0 0 0
0 0 0 0 0
0 0 0 0 0
0 0 0 0 0
0 0 0 0 0
0 0 0 0 0
0 0 0 0 0
2.518248 0 0 0 0
0 0 0 0 0
0 0 0 0 0
0 0 0 0 0
0 0 0 0 0
0 0 0 0 0
0 0 0 0 0
0 0 0 0 0
0 0 0 0 0
0.051972 0 0 0 -4
0 0 0 0 0
0 0 0 0 0
0 0 0 0 0
0 0 0 0 0
0 0 0 0 0
0 0 0 0 0
0 0 0 0 0
0 0 0 0 0
0 0 0 0 0
0 0 0 0 0
0 0 0 0 0
0 0 0 0.031678 0
0 0 0 0 0
0 0 0 0 0
0 0 0 0 0
0 0 0 0 0
0 0 0 0 0
0 0 0 0 0
0 0 0 0 0
0 0 0 0 0
0 0 0 0 0
0 0 0 0 0
0 0 0 0 0
0 0 0 0 0
0 0 0 0 0
0 0 0 0 0
0 0 0 0 0
0 0 0 0 0
0 0 0 0 0
0 0 0 0 0
0 0 0 0 0
0 0.126224 0 0 0
0 0 0 0 0
0 0 0 0 0
0 0 0 0 0
0 0 0 0 0
0 0 0 0 0
0 0 0 0 0
0 0 0 0 0
0 0 0 0 0
0 0 0 0 0
0 0 0 0 0
0 0 0 0 0
0 0 0 0 0
0 0 0 0 0
0 0 0 0 0
0 0 0 0 0
0 0 0 0 0
1.306462 0 0 0 0
0 0 0 0 0
0 0 0 0.45924 0
0 0 0 0 0
0 0 0 0 0
0 0 0 0 0
0 0 0 0 0
0 0 0 0 0
0 0 0 0 0
0 0 0 0 0
0 0 0 0 0
0 0 0 0 0
0 0 0 0 0
0 0 0 0 0
0 0 0 0 0
0 0 0 0 0
0.533818 0 0 0 0
0 0 0 0 0
0 0 0 0 0
0 0 0 0 0
0 0 0 0 0
0 0 0 0 0
0 0 0 0 0
0 0 0 0 0
0 0 0 0 0
0 0 0 0 0
0 0 0 0 0
0 0 0 0 0
0 0 0 0 0
0 0 0 0 0
0 0 0 0 0
0 0 0 0 0
1.6967406 1.9206732 1.709836 2.1738254 4.28501
0.409721 0 1.845494 1.729759 4
1.2667418 0 -0.4860622 0.444141 0
2.341856 0.296255 0 3.279391 6.4
0 0 0 0 0
4.1447474 2.3119676 1.7115048 3.296762 8.98601
0.285229 0 1.537516 1.492195 -4
1.707792 1.564884 0.086265 1.711625 4
0 0 0 0 0
0 0 0 0 0
0.937874 1.2899396 1.52095 1.3606134 -1.6
2.2384608 0.651817 1.4925202 1.040169 6.4
0 0 0 0 0
0 0 0 0 0
0 0 0 0 0
0.8929038 3.817509 2.667438 3.571409 8.0415084
