1.26514 1.229523 1.417166 0.911952 -1.320401
1.642684 2.8627706 1.6858042 1.2742416 4
1.0073772 0.141929 0 0.372183 4
0.244642 0 0 0.8659106 -6.4
0.334113 0 0 0.508354 0
3.052514 3.935905 2.526382 3.291542 7.1443082
1.602708 1.3789298 1.3673392 1.737106 -6.4
1.3095736 0.583998 0.560143 0.6270858 -8.488001
2.086071 1.701893 1.196356 1.6550744 -0.1856
0 0 0.888306 0 0
1.420781 2.4389696 2.484735 1.6119412 -0.374476
2.573984 1.659212 0.621943 2.3241256 5.4304
1.7867552 1.3708046 1.151891 1.478438 -5.157417
0 0 0 0 0
0.513204 0 1.411754 1.161148 0
3.800641 3.426882 3.4541112 3.565847 9.371724
0.4358852 0.808082 0.922491 1.157629 -4
0.437063 0.503865 0 1.06005 0
1.429272 0.383783 0.342638 1.722197 -4
1.969071 0.6819696 1.4333434 1.0351046 -4
0 0 0 0 0
0.72993 2.005843 0.504145 1.585392 -1.6
3.3680002 1.61182 1.9066 2.7121494 5.3632
0.4290506 0.803788 0 0.826804 -1.312
1.433343 0.543172 0.485543 1.560222 -2.176
0 0 0 0 0
1.334519 2.404227 1.77354 0.9836624 3.28
1.282021 2.1982032 1.672476 1.550559 -0.016
2.3302946 2.510023 1.4880462 1.4477488 -1.370149
0 0 0 0 0
0 0 0 0 0
2.4507296 1.766982 2.2448494 1.201915 -2.5664
0.404637 0 1.01845 1.238551 -4
2.527121 0.4776726 0 1.545212 0
1.263169 0.138458 0.550891 0.756724 -3.8
1.1868856 0.293483 0.600717 0.772156 -8.488001
0 0.757652 0.773084 0 0
1.751809 1.931859 0 2.212885 4
0.7410638 0.306882 0 1.280053 -3.192
0.905143 2.1381942 0 0.6113456 1.6
1.685079 0.245977 0 1.950015 7.84
0 0 0 0 0
1.2132 1.39931 0 1.74734 -2.88
0.524523 2.412275 0.4756018 1.072265 -3.616
4.1303506 1.3289644 1.86794 2.4399984 -2.6
0 0 0 0 0
0 0 0 0 0
3.0534352 3.066882 2.0774418 2.6523224 6.976
0 0.545937 0.983619 0.295585 0
0.9600294 0.483861 0 0.588158 0
1.5075244 0 0.142785 0.618186 0
0.107497 0.40674 0.16078 0.7666312 0
0 0 0 0 0
0 0.298705 0 1.131366 0
0 0 0 0.426657 -4
0.564506 0.641645 0.193348 2.058133 -4.8
0 0 0 0 6.4
0 0 0 0 0
0 0.35563 1.183031 0.524587 0
0.350151 0.569047 0 2.632446 5.92
3.7523596 2.449446 3.307595 4.7794574 9.576986
0 0 0 0 0
0.289238 0.294836 0 0.808729 0
2.109258 1.100921 2.289792 1.7281472 4
0 0 0 0.343424 -4.6
0.496153 0 3.181977 2.648511 -2.464
0.915368 0 0 0.6258322 -4
0.170466 0.603929 1.1751 0.142121 1.6
0 0 0 0 0
0 0 0 0 0
0.678509 0 0 0.8587716 0
1.15258933333333 0 0.222849 0.552811 0
0 0 0 0 0
0 0 0 0 0
0 0 0 1.183031 0
0 1.055078 0.682723 1.035712 4
2.781571 0.003463 -0.001831 0.2976292 3.616
0 0 0 0 0
0 0 0 0 0
0.66218 2.1163406 3.013312 1.987941 4
0 0.786397 0.863102 0.250058 -4
0 1.09093 0 0.632787 -4
0.879692 0 0 0.7769758 -4
-0.020635 0.198082 0.477925 0.6691418 -4
0 0 0 0 0
0 1.219757 0 1.194931 4
0.987227 0 0 2.00892 6.4
0.4146624 0.449172 0 1.076608 2.6
0 0 0 0 4
0 0 0 0 0
0 0 0 0 0
1.3880934 0 0.424298 1.2009048 4.96
0.434192 0.3742326 0 0.93158 4
0 0 0 0 0
0 0 0 0 0
2.0926184 0 1.143109 1.739971 3.904
0.349827 0 0.866782 0.21269 -6.4
0.604717 0 0 1.196794 4
0.360428 0 0 1.317269 4
0 0.4150204 0 0.1904762 -3.904
0 0 0 0 0
0 0 0 0 0
0.6825596 0 0 0.479555 0
0 0 0.02978 0.276993 0
0 0 0 0 0
0 0 0 0 0
0 0 0 0 0
0 0 0 2.692253 0
0 0 0 0 0
0 0 0 0 0
0 0 0 0 0
0.624737 0.443675 2.043539 1.481419 4
0.218815 0.655552 1.8219138 0 -4
1.2461182 0 1.112336 1.204363 4
0 0.5708528 0 0.863246 0
0.42041 0.36811 0.606924 0.537694 -1.6
0 0 0 0 0
0 0.515063 0 0 0
0 0 0 2.775244 0
0.372562 0 0 0.748441 -4
0 0 0 0 0
0 0 0 0 0
0 0 0 0 0
-0.029735 1.62505 0 0 0
0 0 0 0 0
0 0 0 0 0
0 0 0 0 0
0 1.2081718 1.393229 0.649348 4
0 0 0 2.1372416 4
0 0 0 1.336234 0.64
0.769423 0 0 0.895598 -4
0 3.062764 0 0.61234 4
0 0 0 0 0
0 0 1.875486 0 0
0 0.833985 0 0.6968602 0
0.338711 0 0 1.223985 7.84
0 0 0 0 0
0 0 0 0 0
0 0 0 0 4
1.620258 0 1.919924 0.796309 0
0 0 0 0 0
0 0 0 0 0
0 0 0 0 0
0.923362 1.304955 0.711225 1.196468 7.84
0.255093 0.4145528 0.276226 0.9733878 -5.2
0.4866514 0.74507 1.505791 0.8702526 -3.3903054
0.326578 0.719079 0.515165 0.4532246 -0.828218
1.506119 1.6195512 0.9304082 1.206078 -0.62235
0 0 0 0 0
0 0.008377 0.536535 0.921944 0
0.994644 1.200925 0.3632868 1.7313874 1.974746
0.6682848 0.989761 2.1431252 2.7591072 7.84
0 0 0 0 0
0 0 0 0 0
0.538113 0 0.668692 0.994451 4.96
1.0960226 1.738408 -0.068886 1.7263258 2.176
0 0 0 0 0
0 0 0 0 0
0 0 0 0 0
1.144395 2.365853 3.651284 3.0369622 4.9713204
0 0 0 0 0
0 0 0 0 0
0 0 0 0 0
0 0 0 0 0
0 0 0 0 0
0 0 0 0 0
0 0 0 0 0
0 0 0 0 0
0 0 0 0 0
0 0 0 0 0
0 0 0 0 0
0 0 0 0 0
0 0 0 0 0
0 0 0 0 0
0 0 0 0 0
0 0 0 0 0
2.2991032 2.328914 1.707555 1.672291 -7.1292722
0.53622 0 0 0.499729 0
0.296383 0 1.301471 1.013067 0
0.515087 0.159967 0.159754 0.504627 0
0 0 0 0 0
4.4569934 4.17529 3.2630936 1.963674 8.740767
0 1.955686 0 0 -1.6
0 0 0.43001 0.77231 -4
0 0 0 0 0
0 0 0 0 0
3.1785236 1.8972808 3.0540092 3.4143604 6.840064
0.7096542 0.736560666666667 1.043836 3.3398468 -4
0 0 0 0 0
0 0 0 0 0
0 0 0 0 0
3.1334146 2.747578 3.6193196 3.265651 6.8476384
0.5799456 0.277275 0 2.036291 4
0 0.411086 0 0.987488 1.76
0 0 0 0 -5.8
0.827745 0.982826 0 0 1.6
0 0 0 0 0
0.5053 0 0.500684 0.6197508 0
0.921127 0 0.520612 0.867925 4
1.3366746 0 0.132671 0.642857 1.6
0 0 0 0 0
0 0 0 0 0
2.2669458 2.352 0 0.34688 7.84
1.974689 1.622264 0 1.552337 -1.6
0 0 0 0 0
0 0 0 0 0
0 0 0 0 0
1.7735386 2.332549 1.427068 1.2512936 4
1.1868622 1.156646 0 0.293968 4
0 1.3495964 0.5996738 1.129217 -4
0.743011 0 1.237795 0.038225 -4.96
0.5200788 0 0 1.57074 -4
0 0 0 0 0
0 0 0 0.465496 0
1.147836 0.753997 0 0.211 -4
2.053071 0.128999 0 0 -4
0 0 0 0 0
0 0 0 0 0
0 1.913297 0 0 0
0.839799 0.529352 0 1.648865 -4
0 0 0 0 0
0 0 0 0 0
0 0 0 0 0
0.990919 1.19242 1.3581156 3.171817 6.4
0.790819 0.337901 0.587366 0.18061 -6.4
0.772208 0.467631 0.7190792 2.604751 4
0 1.0177668 0.423532 0.498257 -7.84
1.423082 1.0362908 0 0.878462 -1.6
0 0 0 0 0
0 0.106935 1.310034 1.201494 4
0 0 0 0 -4
1.060899 0 0.2888212 0.458502 0
0 0 0 0 0
0 0 0 0 0
0.17061 0 0 0 6.4
1.773547 0 0.530575 2.0284356 6.4
0 0 0 0 0
0 0 0 0 0
0 0 0 0 0
1.288966 1.811759 1.102934 1.653325 -4
0 0.532723 0 0 0
0.6563474 2.0975212 0 1.0071018 0
0 1.829769 1.107044 0.5372732 0
0.269047 0.3348654 0 -0.057125 -6.4
0 0 0 0 0
0 0 0 0 0
0 0 0.415395 0 0
0 0 0 1.752797 4
0 0 0 0 0
0 0 0 0 0
1.245464 0 0 0.588743 0
1.225043 0 0 0.554615 0
0 0 0 0 0
0 0 0 0 0
0 0 0 0 0
2.147227 0.692433 0 2.1443586 6.4
2.723527 1.22619 0 0 4
0.630395 0 0 1.06687 0
0.389027 0 0 0.545725 -7.84
0.670029 0.348397 1.472463 0.8515792 -4
0 0 0 0 0
1.08233 0 0 0 0
1.564482 1.553192 0 0 0
1.450227 0 0 1.200812 4
0 0 0 0 0
0 0 0 0 0
1.735479 0.619456 0 0 0
0.543945 0 0 0 0
0 0 0 0 0
0 0 0 0 0
0 0 0 0 0
1.9234316 1.758504 0 1.190643 8.704
0 0.3862322 0 0.639499 -7.84
1.994661 0.647421 0 0 -5.92
0 0 1.409433 0.58303 0
0.277596666666667 1.0950152 0 0.654596 -4
0 0 0 0 0
0 0 0 0 0
0.768517 0 0 0 0
1.512021 0 0 0 0
0 0 0 0 0
0 0 0 0 0
0 0 0 1.61417 0
0.827159 0 0 0 0
0 0 0 0 0
0 0 0 0 0
0 0 0 0 0
1.103998 0 0.537924 1.467879 0
1.135619 0 0.77817 0 -4.48
0.776916 0 0 1.275757 0
0 0 0 2.233965 -4
0.6492812 0.098099 0.223258 0 0
0 0 0 0 0
1.327496 0 0 0 0
0 0 0.357256 0.42007 0
0.149453 0 0.008304 0.483665 0
0 0 0 0 0
0 0 0 0 0
2.43948 0 0 2.471868 4
0 0 0 0 6.4
0 0 0 0 0
0 0 0 0 0
0 0 0 0 0
1.7759424 0 0 2.706379 4
0.509764 0.304526 0 0.30017 1.6
0.4014516 1.398834 1.355682 0.9225712 -4.3136018
1.04504 1.818512 2.050765 2.8574848 5.838841
0.6251972 1.281097 0.2875448 2.027413 -5.9308646
0 0 0 0 0
0.311615 0 0.336671 0.770872 -0.2
0.832299 1.6110692 0.911952 2.478193 -2.5216
1.1364498 0 0.742163 1.2516774 0.4881416
0 0 0 0 0
0 0 0 0 0
0 0.804462 0 1.731721 4.96
2.1790942 1.3244556 1.47172075 2.6838674 4.288
0 0 0 0 0
0 0 0 0 0
0 0 0 0 0
1.6573106 3.762846 3.2702804 2.87313 0.7926988
0 0 0 0 0
0 0 0 0 0
0 0 0 0 0
0 0 0 0 0
0 0 0 0 0
0 0 0 0 0
0 0 0 0 0
0 0 0 0 0
0 0 0 0 0
0 0 0 0 0
0 0 0 0 0
0 0 0 0 0
0 0 0 0 0
0 0 0 0 0
0 0 0 0 0
0 1.005167 0 0.539365 0
0 0 0 0 0
0 0 0 0 0
0 0 0 0 0
0 0 0 0 0
0 0 0 0 0
0 0 0 0 0
0 0 0 0 0
0 0 0 0 0
0 0 0 0 0
0 0 0 0 0
0 0 0 0 0
0 0 0 0 0
0 0 0 0 0
0 0 0 0 0
0 0 0 0 0
0.304772 0 0 0 0
2.8279212 1.0914306 1.7579938 1.5138346 -8.7278278
1.519796 0.737602 0 0.883993 0
1.23956 0 0 0.482275 -5.2
0 0 1.012192 0 0
0 0 0 0 0
3.7031196 1.9208428 2.9188054 3.7783036 7.221952
0 0 0 0 4
1.044785 0.51127 0 0.161573 -4
0 0 0 0 0
0 0 0 0 0
2.955506 1.7814266 2.766819 2.7301122 6.319424
1.847784 0 0 0.659665 0
0 0 0 0 0
0 0 0 0 0
0 0 0 0 0
1.6371534 3.955903 3.277447 4.119475 8.926912
0 0.461816 0 0.809113 -4
0.6393978 0 0 0.444411 0
0.603187 0.6357 0 0 0
0.182559 0 0 2.555923 0
0 0 0 0 0
1.213667 0.19931 0 2.087084 6.4
0 0.661868 0 0 4
1.069151 0 0 0.13293 4
0 0 0 0 0
0 0 0 0 0
0 0 0 1.894205 0
2.00921 0.330256 0 0.563433 4
0 0 0 0 0
0 0 0 0 0
0 0 0 0 0
1.281374 0 1.217779 0.257854 1.6
0 0 0.359746 0.213315 -4
0.691408 0 0.916835 0.351751 0
0.518409 0 0.162058 1.3013816 -4
0.962524 0.243738 0 0.152791 0
0 0 0 0 0
1.5524486 0 0 0.273896 0
0.357579 0.313523333333333 0 1.840825 4
1.285011 0.1261542 1.273347 0.511248 0
0 0 0 0 0
0 0 0 0 0
0 0 0 1.20511 0
2.613595 0 0 2.533552 4
0 0 0 0 0
0 0 0 0 0
0 0 0 0 0
0.8116544 0 0.12162 1.8573024 4
0 0 0 0 -5.92
0 0 0 0.182793 0
1.4608716 0.122297 1.275068 1.154979 0
0.207078 1.789238 0 0.619317 6.4
0 0 0 0 0
1.466405 0 0 0 1.76
1.5888204 0 0 0 -4
0 0 0 1.302078 4
0 0 0 0 0
0 0 0 0 0
1.711627 0 0 0 4
1.260036 0 0 1.191419 0
0 0 0 0 0
0 0 0 0 0
0 0 0 0 0
0 0.086093 0 2.036758 6.4
0 0 0 0 0
0.152953 0 0 0 -4
0 0 0.547613 0.8655794 0
1.004433 0.6553276 0.590206 1.1014255 0
0 0 0 0 0
0 1.19805 0.970751 0 0
0 0 0 -0.023791 -4
0 0 0 0.655436 1.76
0 0 0 0 0
0 0 0 0 0
1.643953 0.536501 0 0.904777 0
0 0.339924 0 0.486233 0
0 0 0 0 0
0 0 0 0 0
0 0 0 0 0
1.086962 3.103593 0 0 6.4
0 0 0 0.730759 -4
0.383526 0 0 0.398293 0
0.859546 0 0 1.0991064 -4
0.50382 -0.1863818 0 0.8999432 -4
0 0 0 0 0
0 0 0 0 0
0 1.276211 0 0 0
1.279655 0 1.478709 0.919025 0
0 0 0 0 0
0 0 0 0 0
0 0 0 1.080068 0
1.42805325 0.93166 0 1.51578525 4
0 0 0 0 0
0 0 0 0 0
0 0 0 0 0
0 0 0.899859 1.5969614 0
0 0 0 0 0
1.195614 0.982469 0 0.796403 4
1.1877206 0 0 0 0
0.792588 0 1.035733 1.203046 -4
0 0 0 0 0
1.186088 1.536335 0 0.732051 0
0.160878 0 0 0 0
1.0110508 1.192037 0.841301 1.236614 4
0 0 0 0 0
0 0 0 0 0
2.416652 0.424472 0.741245 0 4
1.2299275 0 0 0.566666 0
0 0 0 0 0
0 0 0 0 0
0 0 0 0 0
0.152529 0 0.924688 0.99982 4
0.189012 0.233386 0 0.467364 -6.976
0.44647 0.2329732 0.953647 0.8824022 -1.9968
0.5518616 0.3768128 0.8814688 0.434851 -5.77999
0.515922 0.159888 0.214512 0.4281002 -2.2131328
0 0 0 0 0
0 0.126881 0 0.121028 4
1.145393 1.816369 0.539822 0.847293 4
1.0530318 0.833988 0.527728 0.777008 0.256
0 0 0 0 0
0 0 0 0 0
0.136995 1.3347828 0.7165624 1.07876 -4
2.814119 1.4007708 3.149913 2.0926192 6.3712
0 0 0 0 0
0 0 0 0 0
0 0 0 0 0
1.51025 3.9642404 2.48499 1.908503 8.49664
0 0 0 0 0
0 0 0 0 0
0 0 0 0 0
0 0 0 0 0
0 0 0 0 0
0 0 0 0 0
0 0 0 0 0
0 0 0 0 0
0 0 0 0 0
0 0 0 0 0
0 0 0 0 0
0 0 0 0 0
0 0 0 0 0
0 0 0 0 0
0 0 0 0 0
0 0 0 0 0
0 0 0 0 0
0 0 0 0 0
0 0 0 0 0
0 0 0 0 0
0 0 0 0 0
0 0 0 0 0
0 0 0 0 0
0 0 0 0 0
0 0 0 0 0
0 0 0 0 0
0 0 0 0 0
0 0 0 0 0
0 0 0 0 0
0 0 0 0 0
0 0 0 0 0
0 0 0 0.00362 0
0 0 0 0 0
0 0 0 0 0
0 0 0 0 0
0 0 0 0 0
0 0 0 0 0
0 0 0 0 0
0 0 0 0 0
0 0 0 0 0
0 0 0 0 0
0 0 0 0 0
0 0 0 0 0
0 0 0 0 0
0 0 0 0 0
0 0 0 0 0
0 0 0 0 0
0 0 0 0 0
1.2215272 1.285766 1.087101 0.936909 -4.5577368
1.212124 0 0 0 0
0.678706 0 0 0.689864 0
0 0 0 0.256438 0
0 0 0 0 0
2.1185662 2.846371 3.279902 3.929199 7.992064
1.424537 0 1.905219 0 0
0 0 0 0 6.4
0 0 0 0 0
0 0 0 0 0
2.0804816 2.6818992 1.820915 2.5699278 -0.92608
0 0 0 2.493506 6.4
0 0 0 0 0
0 0 0 0 0
0 0 0 0 0
3.2010998 1.203282 1.4413076 1.040496 -7.629267
0.4602968 0 0 0 4
2.044024 0 -0.027519 1.321077 5.44
0 0 0 0.690288 -4
0 0 0.27227 0.448685 0
0 0 0 0 0
0 0 1.251366 2.659278 6.4
1.698796 0 0 1.313473 4
1.122632 0.206685 0.234292 0.345623 0
0 0 0 0 0
0 0 0 0 0
0 0 0 0 0
1.19356 0 1.065163 0.961747 4
0 0 0 0 0
0 0 0 0 0
0 0 0 0 0
1.3291988 0.22687 0 1.225296 0
0 0 0.641783 0.3255482 0
0 0 0 1.376061 0
1.191832 0 0 0 4
0 0 0 1.6830094 -4
0 0 0 0 0
0 0 0 1.195285 0
0 0 0 0 4
1.180006 0 0 0 4
0 0 0 0 0
0 0 0 0 0
2.152876 1.247266 0 0 -4
0.764707 0.907295 0 0 0
0 0 0 0 0
0 0 0 0 0
0 0 0 0 0
0 0.450554 0.30419 0.390787 0
0.653839 0 0 0.298618 0
0.6560036 0 0.415717 0 0
1.164664 0 0 0.842212 -4
0 0 0 1.0401914 -4
0 0 0 0 0
0 0 0 0 0
0 0 0 0 -0.52
0.213485 0 0 0 0
0 0 0 0 0
0 0 0 0 0
0 0.134408 0 0 0
2.986712 1.219196 0 1.847093 0
0 0 0 0 0
0 0 0 0 0
0 0 0 0 0
0 0 0 1.525882 0
0 0 0.017939 0 -4
0 0.912948 0 0.2921 4
0.853464 0 0 0 -4
0 0 0 0.342614 0
0 0 0 0 0
0 0 0 0 0
0 0 0 0.489347 4
1.173806 0 0.515892 -0.180196 0
0 0 0 0 0
0 0 0 0 0
0 0 0 0 0
0 0 0 0 0
0 0 0 0 0
0 0 0 0 0
0 0 0 0 0
-0.173436 0.416612 0.213263 0 0
0.573349 0 1.731319 0 0
0 0 0 0 -4
0 0 0 0.537055 0
0 0.392299 1.00543 0 -5.44
0 0 0 0 0
0 0 0 0 4
0 0 0 0 0
0 0 0 0.307472333333333 0
0 0 0 0 0
0 0 0 0 0
0 0 0 0 0
1.195849 0.438748 0 0 0
0 0 0 0 0
0 0 0 0 0
0 0 0 0 0
0 0 0 2.628261 4
0.8279476 0 0 0.309715 -6.4
1.0389538 0.7696414 2.134988 1.0505772 -5.2
0.5303324 0.921983 0.271193 0.774444 -4.86208
1.0138126 0.86161 0.9123128 1.200858 1.387766
0 0 0 0 0
0.467034 0 0.782996 1.1353342 0
0 0.55998 0 1.457562 0
0.7247336 0.383823 0.679714 1.4034564 -3.079936
0 0 0 0 0
0 0 0 0 0
1.003919 0 0 0 0
0.6916916 0.484522 2.6614684 0.461114 4.96
0 0 0 0 0
0 0 0 0 0
0 0 0 0 0
3.459422 2.1266998 1.1981698 1.133796 -2.176
0 0 0 0 0
0 0 0 0 0
0 0 0 0 0
0 0 0 0 0
0 0 0 0 0
0 0 0 0 0
0 0 0 -0.019165 0
0 0 0 0 0
0 0 0 0 0
0 0 0 0 0
0 0 0 0 0
0 0 0 0 0
0 0 0 0 0
0 0 0 0 0
0 0 0 0 0
0 0 0 0 0
0 0 0 0 0
0 0 0 0 0
0 0 0 0 0
0 0 0 0 0
0 0 0 0 0
0 0 0 0 0
0 0 0 0 0
0 0 0 0 0
0 0 0 0 0
0 0 0 0 0
0 0 0 0 0
0 0 0 0 0
0 0 0 0 0
0 0 0 0 0
0 0 0 0 0
0 0 0 0 0
0 0 0 0 0
0 0 0 0 0
0 0 0 0 0
0 0 0 0 0
0 0 0 0 0
0 0 0 0 0
0 0 0 0 0
0 0 0 0 0
0 0 0 0 0
0 0 0 0 0
0 0 0 0 0
0 0 0 0 0
0 0 0 0 0
0 0 0 0 0
0 0 0 0 0
0 0 0 0 0
0 0 0 0 0
0 0 0 0 0
0 0 0 0 0
0 0 0 0 0
0 0 0 0 0
0 0 0 0 0
0 0 0 0 0
0 0 0 0 0
0 0 0 0 0
0 0 0 0 0
0 0 0 0 0
0 0 0 0 0
0 0 0 0 0
0 0 0 0 0
0 0 0 0 0
0 0 0 0 0
0.7598206 1.3850626 0.9781812 1.889228 -9.9520306
1.194023 0 2.335318 0 -4
0 0 0 0.835638 3.168
0 0 0 0 0
0 0 0 0 0
2.719006 0.412496 2.5933064 2.2249396 7.84
0.097598 1.199962 0 1.174811 -0.48
1.377825 0 0 1.215445 0
0 0 0 0 0
0 0 0 0 0
2.3323998 1.6948644 -0.020304 1.8402068 6.2656
0 0 0 0 0
0 0 0 0 0
0 0 0 0 0
0 0 0 0 0
0.935962 1.0993868 1.298968 0.7347404 -2.169254
0 0 0 0.225827 0
1.0534204 0.674647 0 0 0
1.112431 0.496215 0 0 0
0 0 0 0 0
0 0 0 0 0
0 1.206244 1.22605 2.005015 6.4
0.2214348 0.317542 0 0.337129 0
0 0.654485 0.331593 0 0
0 0 0 0 0
0 0 0 0 0
0 1.094957 0 0 4.96
0.288517 0 0 0 0
0 0 0 0 0
0 0 0 0 0
0 0 0 0 0
1.635049 2.897287 0 1.195313 -1.6
0.487649 0.209987 0 0 0
0 0 0 1.757313 0
0.503143 0.939601 0 0 0
0 0.410115 0 0 -6.4
0 0 0 0 0
0 0 0 0.105162 6.4
0 0 0.165113 0 0
0 0 0 2.023665 0
0 0 0 0 0
0 0 0 0 0
0 0 0 0 0
0.373036 0 0.266306 1.337294 4
0 0 0 0 0
0 0 0 0 0
0 0 0 0 0
0.703803 0.183098 0 0.44993 0
0 0 0 0 0
0.444705 0 0 0.541464 0
0 0 0.795045 0.4854115 -4
0 0 1.26433 0 2.6
0 0 0 0 0
0 0 0 0 0
0 0 0 0 0
0 0 0 0 0
0 0 0 0 0
0 0 0 0 0
0 0 0.394426 0 0
0 0 0 0.330001 0
0 0 0 0 0
0 0 0 0 0
0 0 0 0 0
0.9310902 0 0 0 0
0.405202 0 0 0.398519 0
0.060235 0 0 0 -4
0.416205 0 0 0 -4
1.282608 0 0.284097 0.351157 -4
0 0 0 0 0
0 0 0 0 0
0 0 0 0 4
0.5873602 0 0 2.324845 4
0 0 0 0 0
0 0 0 0 0
0 0 0 0 0
0 0 0 0 -4
0 0 0 0 0
0 0 0 0 0
0 0 0 0 0
0 0 0 0.496619 0
0.172286 0.640555 0 0 -1.6576
2.247061 0.703914 1.9557314 2.0675812 4.850791
2.262475 -0.0582884 1.434825 2.0768132 4
1.3006016 0.344632 0.696656 1.1604364 -0.704
0 0 0 0 0
0 0 0 0 4.272
0.972551 0 0 0 4
1.940798 0 2.59723 1.625693 -4.744
0 0 0 0 0
0 0 0 0 0
0 0.50281 0 0 0
0.4186374 -0.09551 0 0 4
0 0 0 0 0
0 0 0 0 0
0 0 0 0 0
0.9474028 2.2734122 3.159687 4.135662 9.5832068
0 0 0 0 0
0 0 0 0 0
0 0 0 0 0
0 0 0 0 0
0 0 0 0 0
0 0 0 0 0
0 0 0 0 0
0 0 0 0 0
0 0 0 0 0
0 0 0 0 0
0 0 0 0 0
0 0 0 0 0
0 0 0 0 0
0 0 0 0 0
0 0 0 0 0
0 0 0 0 0
0 0 0 0 0
0 0 0 0 0
0 0 0 0 0
0 0 0 0 0
0 0 0 0 0
0 0 0 0 0
0 0 0 0 0
0 0 0 0 0
0 0 0 0 0
0 0 0 0 0
0 0 0 0 0
0 0 0 0 0
0 0 0 0 0
0 0 0 0 0
0 0 0 0 0
0 0 0 0 0
0 0 0 0 0
0 0 0 0 0
0 0 0 0 0
0 0 0 0 0
0 0 0 0 0
0 0 0 0 0
0 0 0 0 0
0 0 0 0 0
0 0 0 0 0
0 0 0 0 0
0 0 0 0 0
0 0 0 0 0
0 0 0 0 0
0 0 0 0 0
0 0 0 0 0
0 0.679378 0.823978 0 0
0 0 0 0 0
0 0 0 0 0
0 0 0 0 0
0 0 0 0 0
0 0 0 0 0
0 0 0 0 0
0 0 0 0 0
0 0 0 0 0
0 0 0 0 0
0 0 0 0 0
0 0 0 0 0
0 0 0 0 0
0 0 0 0 0
0 0 0 0 0
0 0 0 0 0
0 0 0 0 0
0 0 0 0 0
0 0 0 0 0
0 0 0 0 0
0 0 0 0 0
0 0 0 0 0
0 0 0 0 0
0 0 0 0 0
0 0 0 0 0
0 0 0 0 0
0 0 0 0 0
0 0 0 0 0
0 0 0 0 0
0 0 0 0 0
0 0 0 0 0
0 0 0 0 0
0 0 0 0 0
1.040018 1.994469 0.967491 2.242577 -9.475689
2.55254 0 0 0 0
0 0 0 0 0
0 0 0.365944 0 4
0 0 0 0 0
0.669227 1.2093684 0.466697 1.0706236 -2.784256
1.273609 1.185492 0 0 0
0.8987802 0 0 0.001647 0
0 0 0 0 0
0 0 0 0 0
1.6042964 1.907006 1.4656814 1.111119 -6.582016
0.438357 1.505726 0 0 0
0 0 0 0 0
0 0 0 0 0
0 0 0 0 0
2.1404202 1.6432852 2.917913 1.769941 6.094848
0.382472 0 0 0.253547 0
1.9698388 0 0 1.7820388 4
0 0 0 0 -4
0 0 1.96861 0 0
0 0 0 0 0
0 -0.021888 0 0 0
0.412855 0 0.836323 0 4
0 0 0 2.009296 4
0 0 0 0 0
0 0 0 0 0
2.286652 0 0 0 5.44
0.48571 1.528202 0 0 0
0 0 0 0 0
0 0 0 0 0
0 0 0 0 0
0 1.601228 0 1.289387 0
0 0 -0.021606 0.042762 -4
0 0 0 0.48176 0
0.085113 0 0 0 0
0.459743 0 0 0 0
0 0 0 0 0
0 0 0 0 0
0 0.270535 0 1.806632 -4
0 0 0 0 0
0 0 0 0 0
0 0 0 0 0
0.299646 0 0 0 5.8
0 0 0 0.997203 0
0 0 0 0 0
0 0 0 0 0
0 0 0 0 0
2.686536 0 0 1.213543 4.96
0 0 0 0 0
0.240853 0 0 0.189465 0
0 0 0 0 0
1.363385 0 0.220807 1.00320625 -6.4
0 0 0 0 0
0 0 0 0 0
0 0 0 0 4
0 0 0 1.03994 0
0 0 0 0 0
0 0 0 0 0
0 0 0 0 0
0 0 0 0 4
0 0 0 0 0
0 0 0 0 0
0 0 0 0 0
0 0 0 0 5.8
0.358302 0.010899 1.554363 0.2732394 -7.48
1.769292 0.353556 0.004997 0.6140744 -4.06144
3.063604 0 1.9295788 3.233426 6.4
0.738137 1.0801514 0.8572 0.8157914 1.1328
0 0 0 0 0
0.16473 0 0.304287 0 4
0.101587 0 0 1.324701 4
1.0116212 0 0.288542 0.914002 1.6
0 0 0 0 0
0 0 0 0 0
0 0 0 0 0
0.5582145 0.284449 0.190727 0.6049074 4
0 0 0 0 0
0 0 0 0 0
0 0 0 0 0
0.731961 0.545322 1.063195 2.602144 8.277761
0 0 0 0 0
0 0 0 0 0
0 0 0 0 0
0 0 0 0 0
0 0 0 0 0
0 0 0 0 0
0 0 0 0 0
0 0 0 0 0
0 0 0 0 0
0 0 0 0 0
0 0 0 0 0
0 0 0 0 0
0 0 0 0 0
0 0 0 0 0
0 0 0 0 0
0.411205 0.180819 0 0.217401 0
0 0 0 0 0
0 0 0 0 0
0 0 0 0 0
0 0 0 0 0
0 0 0 0 0
0 0 0 0 0
0 0 0 0 0
0 0 0 0 0
0 0 0 0 0
0 0 0 0 0
0 0 0 0 0
0 0 0 0 0
0 0 0 0 0
0 0 0 0 0
0 0 0 0 0
0 0 0 0 0
0 0 0 0 0
0 0 0 0 0
0 0 0 0 0
0 0 0 0 0
0 0 0 0 0
0 0 0 0 0
0 0 0 0 0
0 0 0 0 0
0 0 0 0 0
0 0 0 0 0
0 0 0 0.250364 0
0 0 0 0 0
0 0 0 0 0
0 0 0 0 0
0 0 0 0 0
0 0 0 0 0
0 0 0 0 0
0 0 0 0 0
0 0 0 0 0
0 0 0 0 0
0 0 0 0 0
0 0 0 0 0
0 0 0 0 0
0 0 0 0 0
0 0 0 0 0
0 0 0 0 0
0 0 0 0 0
0 0 0 0 0
0 0 0 0 0
0 0 0 0 0
0 0 0 0 0
0 0 0 0 0
0 0 0 0 0
0 0 0 0 0
0 0 0 0 0
0 0 0 0 4
0 0 0 0 0
0 0 0 0 0
0 0 0 0 0
0 0 0 0 0
0 0 0 0 0
0 0 0 0 0
0 0 0 0 0
0 0 0 0 0
0 0 0 0 0
0 0 0 0 0
0 0 0 0 0
0 0 0 0 0
0 0 0 0 0
0 0 0 0 0
0 0 0 0 0
0 0 0 0 0
0 0 0 0 0
0 0 0 0 0
0 0 0 0 0
0 0 0 0 0
0 0 0 0 0
0 0 0 0 0
0 0 0 0 0
0 0 0 0 0
0 0 0 0 0
0 0 0 0 0
0 0 0 0 0
0 0 0 0 0
1.787748 0.855069 0.7928056 1.698414 -9.4518538
0 0 0 0.284631 0
0 0 0 0 4
0.768556 0.386033 0 0.693369 4
0 0 0 0 0
1.140044 1.7123412 0.44714 1.380409 -0.16
0 0 0 0 4
0 0 0 0 0
0 0 0 0 0
0 0 0 0 0
1.932344 0 2.333436 1.19997 4
0 0 0 0 0
0 0 0 0 0
0 0 0 0 0
0 0 0 0 0
1.410382 0 0 1.9964328 -3.5631104
0 0 0 0.507092 4
0 0 0 0 0
1.22102 0 0 0 0
0 2.439764 0.348286 0.223337 0
0 0 0 0 0
0 0 0 0 0
-0.017197 0 0 0 0
0.349076 0 0 0.1067 -4
0 0 0 0 0
0 0 0 0 0
0 1.454852 0.773402 1.660866 -4
0 0 0 2.3949698 0
0 0 0 0 0
0 0 0 0 0
0 0 0 0 0
0 0 0 1.493911 0
0 0.120474 -0.083612 0 0
0.102415 0 0 0.933043 0
0.605438 0 0 0 -1.6
0.171787 0.40975 1.181795 0.149266 -4
0 0 0 0 0
0 0.349814 0 0 0
0 0.337561 0 0 0
0 0 0 0 0
0 0 0 0 0
0 0 0 0 0
0 0 0 0 0
0.409428 0.147022 0 1.207697 0
0 0 0 0 0
0 0 0 0 0
0 0 0 0 0
0 0.995015 2.191455 1.050192 4
0.5446054 0 -0.827121 0 -1.6
-0.317191 0.375439 0 0.439273 -6.4
0.371121 0.285847 0 1.533288 -4.6
2.374471 0.84811 -0.3313138 1.8769152 3.373158
0 0 0 0 0
0.039451 0.059457 0 0.442174 0
0 0 0 0 0
2.969425 0 -0.081266 0.567821 1.222401
0 0 0 0 0
0 0 0 0 0
0 0 0 0 4
1.267897 0 0 0.336679 -0.16
0 0 0 0 0
0 0 0 0 0
0 0 0 0 0
3.532902 0.454185 1.0632036 0.517133 0.8336
0 0 0 0 0
0 0 0 0 0
0 0 0 0 0
0 0 0 0 0
0 0 0 0 0
0 0 0 0 0
0 0 0 0 0
0 0 0 0 0
0 0 0 0 0
0 0 0 0 0
0 0 0 0 0
0 0 0 0 -4
0 0 0 0 0
0 0 0 0 0
0 0 0 0 0
0.194144 0 1.964852 0 4
0 0 0 0 0
0 0 0 0 0
0 0 0 0 0
0 0 0 0 0
0 0 0 0 0
0 0 0 0 0
0 0 0 0 0
0 0 0 0 0
0 0 0 0 0
0 0 0 0 0
0.315664 0 0 1.477029 0
0 0 0 0 0
0 0 0 0 0
0 0 0 0 0
0 0 0 0 0
0 0 0 0 0
0 0 0 0 0
0 0 0 0 0
0 0 0 0 0
0 0 0 0 0
0 0 0 0 0
0 0 0 0 0
0 0 0 0 0
-0.014955 0 0 0 0
0 0 0 0 0
0 0 0 0 0
0.664237 0 0 0 0
0 0 0 0 0
0 0 0 0 0
0 0 0 0 0
0 0 0 0 0
-0.130659 0 0 0 0
0 0 0 0 0
0 0 0 0 0
0 0 0 0 0
0 0 0 0 0
0 0 0 0 0
0 0 0 0 0
0 0 0 0 0
0 0 0 0 0
0 0 0 0 0
0 0 0 0 0
0 0 0 0 0
0 0 0 0 0
0 0 0 0 0
0 0 0 0 0
0 0 0 0 0
1.513782 0 0 0 4
0 0 0 0 0
0 0 0 0 0
0 0 0 0 0
0 0 0 0 0
0 0 0 0 0
0 0 0 0 0
0 0 0 0 0
0 0 0 0 0
0 0 0 0 0
0 0 0 0 0
0 0 0 0 0
0 0 0 0 0
0 0 0 0 0
0 0 0 0 0
0 0 0 0 0
0 0 0 0 0
0 0 0 0 0
0 0 0 0 0
0 0 0 0 0
0 0 0 0 0
0 0 0 0 0
0 0 0 0 0
0 0 0 0 0
0 0 0 0 0
0 0 0 0 0
0 0 0 0 0
0 0 0 0 0
0 0 0 0 0
0 0 0 0 0
0 0 0 0 0
0 0 0 0 0
0 0 0 0 0
0 0 0 1.464676 0
0 0 0 0 0
0 0 0 0 0
0 0 0 0 0
0 0 0 0 0
0 0 0 0 0
0 0 0 0 0
0 0 0 0 0
0 0 0 0 0
0 0 0 0 0
0 0 0 0 0
0 0 0 0 0
0 0 0 0 0
0 0 0 0 0
0 0 0 0 0
0 0 0 0 0
1.536015 0.972648 0.533947 0.897374 -0.079181
0 0 1.471907 0 -4
0 0 0 0 0
0.428052 0 0.268594 0.470628 -4
0 0 0 0 0
1.95927 0 1.83344 1.679687 4
1.158371 0 0 0.771749 4
-0.048169 0 0 1.193573 0
0 0 0 0 0
0 0 0 0 0
1.255633 0 2.276995 1.249444 -1.6
0 0 0 0 0
0 0 0 0 0
0 0 0 0 0
0 0 0 0 0
1.136426 1.8266458 0.615179 1.687272 4.48
0 0 0 0.799124 4
0 0 0 0 0
0 0 0 0.517971 0
0.590923 0.780237 0.732286 0.477037 0
0 0 0 0 0
0 0 0.91151 0 -4
0 0 0 0.456225 0
0 0 0 0.328989 0
0 0 0 0 0
0 0 0 0 0
0 0 1.29659 0 0
1.30523 0 0 0 0
0 0 0 0 0
0 0 0 0 0
0 0 0 0 0
2.175719 0.146238 0 0 4
1.840038 0 0 0.8123552 3.04
1.250013 0 0 0 0
0.173427 0 0.184451 0 -4
0.290425 2.230933 0.551385 0.948405 -9.019716
0 0 0 0 0
0 0 0 0 0
0.318186 0 0 0.921044 4
0.4579576 0.612794 0.574202 0.608447 1.6
0 0 0 0 0
0 0 0 0 0
1.79324 0 0 0 4
0.504078 0 0 2.356231 6.4
0 0 0 0 0
0 0 0 0 0
0 0 0 0 0
0 2.080363 1.139417 1.7119494 4.9408
0 0 0 0 0
0 0 0 0 0
0 0 0 0 0
0 0 0 0 0
0 0 0 0 0
0 0 0 0 0
0 0 0 0 0
0 0 0 0 0
0 0 0 0 0
0 0 0 0 0
0 0 0 0 0
0 0 0 0 0
0 0 0 0 0
0 0 0 0 0
0 0 0 0 0
1.6422724 0.459884 0 0.498678 0
0 0 0 0 0
0 0 0 0 0
0 0 0 0 0
0 0 0 0 0
0 0 0 0 0
0 0 0 0 0
0 0 0 0 0
0 0 0 0 0
0 0 0 0 0
0 0 0 0 0
0 0 0 0 0
0 0 0 0 0
0 0 0 0 0
0 0 0 0 0
0 0 0 0 0
0 0 0 0 0
0 0 0 0 0
0 0 0 0 0
0 0 0 0 0
0 0 0 0 0
0 0 0 0 0
0 0 0 0 0
0 0 0 0 0
0 0 0 0 0
0 0 0 0 0
0 0 0 0 0
0 0 0 0 0
0 0 0 0 0
0 0 0 0 0
0 0 0 0 0
0 0 0 0 0
0 0 0 0 4
0 0 0 0 0
0 0 0 0 0
0 0 0 0 0
0 0 0 0 0
0 0 0 0 0
0 0 0 0 0
0 0 0 0 0
0 0 0 0 0
0 0 0 0 0
0 0 0 0 0
0 0 0 0 0
0 0 0 0 0
0 0 0 0 0
0 0 0 0 0
0 0 0 0 0
0 0 0 0 0
0 0 0 0 0
0 0 0 0 0
0 0 0 0 0
0 0 0 0 0
0 0 0 0 0
0 0 0 0 0
0 0 0 0 0
0 0 0 0 0
0 0 0 0 0
0 0 0 0 0
0 0 0 0 0
0 0 0 0 0
0 0 0 0 0
0 0 0 0 0
0 0 0 0 0
0 0 0 0 -6.4
0 0 0 0 0
0 0 0 0 0
0 0 0 0 0
0 0 0 0 0
0 0 0 0 0
0 0 0 0 0
0 0 0 0 0
0 0 0 0 0
0 0 0 0 0
0 0 0 0 0
0 0 0 0 0
0 0 0 0 0
0 0 0 0 0
0 0 0 0 0
0 0 0 0 0
0 0 0 0 0
0 0 0 0 0
0 0 0 0 0
0 0 0 0 0
0 0 0 0 0
0 0 0 0 0
0 0 0 0 0
0 0 0 0 0
0 0 0 0 0
0 0 0 0 0
0 0 0 0 0
0 0 0 0 0
0 0 0 0 0
0 0 0 0 0
0 0 0 0 0
0 0 0 0 0
0 0 0 0 0
0 0 0 0 0
0 0 0 0 0
0 0 0 0 0
0 0 0 0 0
0 0 0 0 0
2.273868 0 0 0 0
0 0 0 0 0
0 0 0 0 0
0 0 0 0 0
0 0 0 0 0
0 0 0 0 0
0 0 0 0 0
0 0 0 0 0
0 0 0 0 0
0 0 0 0 0
0 0 0 0 0
1.036077 -0.024917 1.244174 1.1439774 -8.790401
0 0 0 0 0
0 0 0 0.512694 0
0.292479 0 0 0 -4
0 0 0 0 0
0.549141 0 2.734187 1.626618 4
0 0 0 0.824127 0
0 0 0 0 0
0 0 0 0 0
0 0 0 0 0
1.798147 2.563513 1.305096 0 6.76
1.110231 0 0 0 4
0 0 0 0 0
0 0 0 0 0
0 0 0 0 0
1.9574366 0.283333 0.02393 1.278386 4.6144
0 0.579878 0 0.538775 -5.8
0.049442 0.592736 0 0.142884 0
0.627193 0 0 -0.873861 -4
0.1197258 0.595291 -0.508738 0.1677796 -0.171224
0 0 0 0 0
0.261209 0 0 1.079905 -1.6
-0.069793 0 1.3548712 0 0
0 1.190333 0 3.101842 4
0 0 0 0 0
0 0 0 0 0
2.025312 0 0 3.309168 6.4
2.174739 1.930062 0 2.456119 0.2
0 0 0 0 0
0 0 0 0 0
0 0 0 0 0
1.8381152 0 1.5093822 2.5409578 5.896
0 0 0 0 0
0 0 0 0 0
0 0 0 0 0
0 0 0 0 0
0 0 0 0 0
0 0 0 0 0
0 0 0 0 0
0 0 0 0 0
0 0 0 0 0
0 0 0 0 0
0 0 0 0 0
0 0 0 0 0
0 0 0 0 0
0 0 0 0 0
0 0 0 0 0
1.8729346 1.196845 0 1.7601312 4
0 0 0 0 0
0 0 0 0 0
0 0 0 0 0
0 0 0 0 0
0 0 0 0 0
0 0 0 0 0
0 0 0 0 0
0 0 0 0 0
0 0 0 0 0
0 0 0 0 0
0 0 0 0 0
0 0 0 -0.01344 0
0 0 0 0 0
0 0 0 0 0
0 0 0 0 0
0 1.226229 0 0 0
0 0 0 0 0
0 0 0 0 0
0 0 0 0 0
0 0 0 0 0
0 0 0 0 0
0 0 0 0 0
0 0 0 0 0
0 0 0 0 0
0 0 0 0 0
0 0 0 0 0
0 0 0 0 0
0 0 0 0 0
0 0 0 0 0
0 0 0 0 0
0 0 0 0 0
3.366343 0 1.146391 2.497605 0
0 0 0 0 -4
0 0 0 0 0
0 0 0 0 0
0 0 0 0 0
0 0 0 0 0
0 0 0 0 0
0 0 0 0 0
0 0 0 0 0
0 0 0 0 0
0 0 0 0 0
0 0 0 0 0
0 0 0 0 0
0 0 0 0 0
0 0 0 0 0
0 0 0 0 0
0 0 -0.045621 1.705146 4
0 0 0 0 0
0 0 0 0 0
0 0 0 0 0
0 0 0 0 0
0 0 0 0 0
0 0 0 0 0
0 0 0 0 0
0 0 0 0 0
0 0 0 0 0
0 0 0 0 0
0 0 0 0 0
0 0 0 0 0
0 0 0 0 0
0 0 0 0 0
0 0 0 0 0
0 0 0 0 0
0 0 0 0 0
0 0 0 0 0
0 0 0 0 0
0 0 0 0 0
0 0 0 0 0
0 0 0 0 0
0 0 0 0 0
0 0 0 0 0
0 0 0 0 0
0 0 0 0 0
0 0 0 0 0
0 0 0 0 0
0 0 0 0 0
0 0 0 0 0
0 0 0 0 0
0 0 0 0 0
0 0 0 0 0
0 0 0 0 0
0 0 0 0 0
-0.099174 0 0 0 0
0 0 0 0 0
0 0 0 0 0
0 0 0 0 0
0 0 0 0 0
0 0 0 0 0
0 0 0 0 0
0 0 0 0 0
0 0 0 0 0
0 0 0 0 0
0 0 0 0 0
0 0 0 0 0
0 0 0 0 0
0 0 0 0 0
0 0 0 0 0
0 0 0 0 0
0 0 0 0 0
0 0 0 0 0
0 0 0 0 0
0 0 0 0 0
0 0 0 0 0
0 0 0 0 0
0 0 0 0 0
0 0 0 0 0
0 0 0 0 0
0 0 0 0 0
0 0 0 0 0
0 0 0 0 0
0 0 0 0 0
0 0 0 0 0
0 0 0 0 0
0 0 0 0 0
0 0 0 0 0
0 0 0 0 0
0 0 0 0 0
0 0 0 0 0
0 0 0 0 0
0 0 0 0 0
0 0 0 0 0
0 0 0 0 0
0 0 0 0 0
0 0 0 0 0
0 0 0 0 0
0 0 0 0 0
0 0 0 0 0
0.429748 1.230164 0.668471 0.6236056 -3.487488
0.8512286 0.8683178 0 0.302013 4.96
1.7996566 0 0 1.367812 4.4224
0.221048 0.537778 0.554037 0.7593634 -6.884854
0 0 0 0 0
3.092638 2.1379374 1.3958712 1.520064 6.7367986
1.94204 2.562391 0 0 0
0.702675 1.465997 0 1.155786 -2.88
0 0 0 0 0
0 0 0 0 0
2.0448094 2.4063158 1.827752 2.291356 9.222401
0.718394 0.759187 0.912 2.63352 7.4944
0 0 0 0 0
0 0 0 0 0
0 0 0 0 0
2.2658824 3.7883752 1.8800976 3.587898 7.738077
