1.5890544 1.620173 1.5489068 2.794778 2.185728
1.561212 0.782885 0.838253 1.144454 -5.44
0.9116192 1.657393 1.25993 0.8683572 -4
2.216907 0.747434 0.605299 0.726405 0
0.00046 2.435834 0 0.149688 4
2.1658612 2.0541952 1.6408286 2.3513826 0.121753
0.429852 3.257518 0.872707 0.352761 -7.84
1.580878 1.098729 1.633421 1.770853 4
3.064513 2.920497 1.601138 1.172845 -0.964653
0.001643 0 0 0 0
1.360806 1.621002 1.116269 1.582996 -2.7412944
1.047916 1.921599 1.971634 1.159791 2.944
3.140919 4.302833 3.1390176 3.4132936 3.3460114
0 0 0 0 0
0 0 0 0 0
3.8094596 3.7061976 3.4936542 3.7023244 8.311399
0.748883 2.025504 1.516535 1.2265608 1.76
0.837292 0.148296 0.389319 0.752648 -4.48
2.0258308 1.1858296 0 2.302429 4.96
1.580984 0.366013 1.627366 1.121278 -7.31872
0 0 0 1.949648 0
1.743039 0.615714 1.741004 1.043555 0.74624
1.0885232 0.845418 -0.005268 1.062124 0
1.23953 0.980613 0.9606116 0.753378 0
1.293829 0 0.553624 1.006418 -5.845274
0 0 0 0 0
0.1482906 -0.000767 0.516873 0.7926666 4
1.096817 0.532095 0.529987 1.241554 -4
1.097657 2.329434 1.98949 1.6307244 5.181184
0 0 0 0 0
0 0 0 0 0
2.7969758 1.392163 4.805369 2.776075 3.73024
1.143017 0.7150454 1.06965 1.409733 -4.96
0.598211 0.749601 0.152396 1.238695 -5.3632
0.409737 1.361645 0.315752 0.9831366 -4
1.4736216 0.594587 0.291365 2.7317208 -0.48
0 0 0 0 0
0.955862 2.292681 0.278354 0.476585 0.2
1.275015 0.44973 0 0.7688138 -4
0.899858 0.335856 -0.013385 3.0524324 -6.4
1.483877 1.869118 0 3.122004 6.4
0 0 0 0 0
0.6500202 0 0.5420462 1.1157726 0
0.905186 1.016805 0 1.19333 -3.04
3.3452262 1.815793 1.794981 3.2062732 6.4128
0 0 0 0 4
0 0 0 0 0
2.4422554 3.7783476 0.147504 4.4021376 9.243722
0.256485 0 0 0.012599 -3.04
0.497084 0.993509 0 0.873724 0.336947
1.883269 1.5189598 0.763175 1.5541982 0
0.6094304 0.7467434 0.212942 1.13085 -5.824
0 0 0 0 0
0.3021284 0.618177 0 0.184361 -1.6
0.340077 0 0 0.002277 -4
1.4231938 0.108912 1.15002 0.4157472 0
1.309678 0 0 1.323715 0.48
0 0 0 0 0
0 0.632843 0 0.007422 1.6
0.354767 0.688247 -0.015155 0.8125532 1.6
1.690333 0.351794 0.898303 0.8354638 1.6
0 0 0 0 0
0 0 0 0 0
2.973541 1.986663 2.3631334 2.308643 3.7312
0.339353 0.779469 0 0.512907 4
0.2306978 1.548867 0.619337 1.375895 -7.48288
1.9366776 0.020255 3.355479 1.1048062 -1.024
0.9018152 0.3221044 2.0893104 1.2532876 -6.4
0 0 0 0 0
-0.006704 0 0 -0.001787 4
1.309749 0.061972 0.461583 0.097783 -4
2.2503248 0.549861 0.694201 0 1.6
0 1.214244 0 0 0
0 0 0 0 0
-0.03178 0 0 0.811054 0
0.323445 1.021299 0.457703 1.797998 4
1.397944 1.203817 0 1.612659 -2.176
0 0 0 0 0
0 0 0 0 0
2.1630598 4.757012 1.4806074 2.466432 -3.04
1.871125 0.205413 1.051232 0.4469682 0
1.89462 0.151748 0.5642796 1.836578 4
1.760626 2.0127968 1.473929 0.7671238 -1.6
1.779723 1.2712468 1.1469258 0.704407 -4
0 0 0 0 0
0 0.30305 0.090915 0.2787686 0
0.414995 0.200276 0.088055 0.648648 0
0.8762194 0.111801 0.186014 0 5.728
0 0 0 0 0
0 0 0 0 0
-0.02025 0 0 0.372926 6.4
0 1.211115 0.714439 2.372587 4
1.941199 1.193626 0 1.916697 4
0 0 0 0 0
0 0 0 0 0
1.685023 1.7244074 1.047386 3.4035836 7.84
0 0.027273 0 -0.423764 -4
0.393768 0 0.7967265 0.9272346 -4.96
1.067122 0.7604028 1.1138354 1.6060238 1.6473088
1.512546 0 1.2328866 1.3995516 3.776
0 0 0 0 0
1.178821 0 0 1.203264 0.64
0.137077 0 0 -0.050375 -4
1.5139915 -0.116061 0 -0.037837 1.2
0 0 0 0 0
0 0 0 0 0
0 0 0 0 4
0 0 1.435688 1.632235 4
0 3.590336 0 0 4
0 0 0 0 0
0 0 0 0 0
0.992037 1.6407406 0 1.702871 4.8
0 0 0.509236 1.6791084 4
-0.194891 0.5961418 0.168404 0.518694 -6.4
1.606984 0.4879438 0 0.250604 -4.96
1.352662 0 1.130542 1.1578858 0
0 0 0 0 0
0 0 0 0 0
0 0.004859 0 0.083205 0
0.745492 0 0 -0.02972 4
0 0 0 0 0
0 0 0 0 0
0 0.008194 0 2.1412644 4
0.922102 2.338895 1.222066 0 0
0 0 0 0 0
0 0 0 0 0
0 0 0 0 0
2.6058046 0 1.557018 1.6481644 4
0 0 0 0 0
0.250393 0.1404284 -0.106464 0.6591192 4
1.018652 1.001783 0.516313 0.4608448 -6.4
2.113722 0.7759474 0 2.403352 -1.6
0 0 0 0 0
0 0 0.0136924 0 0
-0.077269 0 0 0 0
0.231558 1.221395 0 3.3149622 0
0 0 0 0 0
0 0 0 0 0
1.691044 0 0 2.9839912 7.84
1.927985 0 1.222044 -0.011839 -1.6
0 0 0 0 0
0 0 0 0 0
0 0 0 0 0
2.0579172 2.079294 0.348394 2.2970148 4.48
1.2284878 1.0385426 2.133928 3.5053522 6.688516
1.384295 1.0788016 0.4512712 1.198699 -7.9203814
1.364696 0.5962878 2.5217686 1.831249 1.544964
2.346271 1.999714 0.885657 1.077103 0.540617
0 0 0 0 0
0.295026 1.045747 0 1.306695 4
3.644555 1.712713 3.0661872 2.352668 -1.155457
2.463558 1.3489098 0.410649 3.035259 -1.040389
0 0 0 0 0
0 0 0 0 0
-0.024285 -0.075811 0 0 2.944
2.8889166 1.5774764 2.25455 3.142419 -3.341209
0 0 0 0 0
0 0 0 0 0
0 0 0 0 0
3.5445726 2.0556114 1.7502574 3.803637 -1.8437
0 0 0 0 0
0 0 0 0 0
0 0 0 0 0
0 0 0 0 0
0 0 0 0 0
0 0 0 0 0
0 0 0 0 0
0 0 0 0 0
0 0 0 0 0
0 0 0 0 0
0 0 0 0 0
0 0 0 0 0
0 0 0 0 0
0 0 0 0 0
0 0 0 0 0
0 1.036785 0 0 0
1.328724 1.4552842 2.562629 1.831272 -9.567891
0.8869576 0.033126 0 0.890611 0
0.225859 0.370262 0.5679316 0.131343 4
1.6133094 0 0 0.257515 -2.112
0 0 0 0 0
3.1355282 3.767968 1.7115098 2.424131 -8.7726812
0.538282 0.555101 0 0 0
0.933337 0 0.156005 0.426413 0
0 0 0 0 0
0 0 0 0 0
2.6730358 2.102143 1.41637 1.779043 3.789818
2.403018 1.891096 1.574708 2.841257 6.4
0 0 0 0 0
0 0 0 0 0
0 0 0 0 0
3.088439 5.424325 2.6860764 2.371374 3.9915278
0.69909 1.032054 0 0.354151 -4
1.280769 1.17769 0 0.411692 4
0.493196 0 1.140838 0.818658 0.2
2.005109 1.18618 0.346078 2.1590054 4
0 0 0 0 0
0 0 0 1.5961362 6.688
3.000754 0.315586 2.342872 1.9318674 6.4
1.160069 -0.076754 0.6629716 0.565895 -4
0 0 0 0 0
0 0 0 0 0
-0.005298 1.914207 0 2.901013 7.84
1.2884118 2.467416 1.898934 1.245252 -4
0 0 0 0 0
0 0 0 0 0
0 0 0 0 0
2.508849 2.086385 2.426778 3.2256726 3.371776
0.7335934 0 0 0.465991 -4
0.003634 0.410726 0.187983 0 -5.7664
0.031143 0.175178 0.296129 0.901027 -7.84
0.075206 0 1.730862 0.134883 -7.5712
0 0 0 0 0
0.200813 0.674846 0 0.220782 0
-0.001467 -0.003844 0 0.006448 0
0.5225646 0 0 0.176776 2.88
0 0 0 0 0
0 0 0 0 0
2.421699 0 0 0 0
0.511412 1.930606 2.163835 1.7577836 0
0 0 0 0 0
0 0 0 0 0
0 0 0 0 0
3.23014 1.703493 2.450406 2.2194376 7.84
-0.00498 0 0 0.211645 0
0.1353038 0.132466 0 0.340968 0
0.3254342 0.1480488 0.288882 0.775951 -5.824
0.294972 0.472921 1.4266466 1.250057 4
0 0 0 0 0
0.119818 -0.000971 2.063316 0.428917 0
-0.066958 0.009466 0 1.92757 -4
0.374485 0.225171 -0.017492 0.026807 0
0 0 0 0 0
0 0 0 0 0
1.49003 0 1.494559 2.401268 4.96
0 1.124215 0 0.000196 0
0 0 0 0 0
0 0 0 0 0
0 0 0 0 0
3.668898 4.021241 0.3926414 2.6025732 9.471233
0.235662 0.717098 0.888283 2.256211 0
0.108564 0 1.338876 0.0001944 0
0.1518778 0.871899 0.1356638 0.964671 -6.4
1.632044 0.120124 2.312022 1.333226 -0.704
0 0 0 0 0
0 0.806115 0 0.4681354 -6.4
0 -0.050015 0 1.809743 7.264
0 0 0.567759 0.934111 0
0 0 0 0 0
0 0 0 0 0
0.882058 0 0 0.366719 0
0.71605 0 0 1.473025 -4
0 0 0 0 0
0 0 0 0 0
0 0 0 0 0
0.7099022 2.0255334 0.924588 2.5169658 1.377921
0.106603 0.682799 0 0 0
-0.040475 -0.059753 -0.049515 -0.018386 -4
0.097233 0 0 0.401593 -4
0.558411 0 0 0.019249 -4
0 0 0 0 0
0 1.660688 0 1.316747 -1.6
0.014982 0 0 0 0
0 0 0.739389 1.280996 4
0 0 0 0 0
0 0 0 0 0
0 0 0 0 4
2.8998518 1.8674064 0 2.9535394 6.4
0 0 0 0 0
0 0 0 0 0
0 0 0 0 0
1.267362 1.7059502 1.198122 0 0
1.802055 0.617862 0 0 -6.4
-0.08799 0 -0.073809 1.8934692 4
0 0.475762 -0.028017 0.5553206 -1.184
-0.083261 2.278233 2.652056 0.8868586 2.272
0 0 0 0 0
0 0 0 0.005778 0
-0.07337 0 0 0 0
0 0 0 0 -3.04
0 0 0 0 0
0 0 0 0 0
0 0 0 0 0
0 0.148784 0.631282 0.816205 3.904
0 0 0 0 0
0 0 0 0 0
0 0 0 0 0
1.250966 1.9146182 1.265643 1.946388 -4
0.018265 0.010595 0 0.008546 0
-0.040496 0 0 0 0
0 0 0 0.290114 -6.4
0.7760434 -0.022735 0 0.804689 -7.552
0 0 0 0 0
2.314069 0 0 0 0
0.118068 0.433158 2.046008 0.96211 6.4
0.952751 0 0 2.595145 0
0 0 0 0 0
0 0 0 0 0
0 0 0 0 0
1.024251 0 1.897557 2.370792 -6.4
0 0 0 0 0
0 0 0 0 0
0 0 0 0 0
0.4139 1.756458 0 4.0517444 0
2.851145 2.080858 0.5676606 0.8552144 3.960125
2.051015 0.215563 0.2317036 2.2449356 0.466834
0.905217 1.430253 -0.418181 0.9499412 -1.4818962
1.0941178 1.798917 1.459849 2.29253 4.0444618
0 0 0 0 0
0.165949 1.1269018 -0.049633 0.822455 -1.6
0.3098662 1.010089 0 0 -1.6
1.3569348 2.6539752 2.5129706 1.4835258 -1.565869
0 0 0 0 0
0 0 0 0 0
0.01606 -0.076873 0.050534 -0.266224 0
1.6236946 0.769989 1.051758 3.148138 6.700096
0 0 0 0 0
0 0 0 0 0
0 0 0 0 0
3.0611102 2.959876 2.383541 4.360435 9.455681
0 0 0 0 0
0 0 0 0 0
0 0 0 0 0
0 0 0 0 0
0 0 0 0 0
0 0 0 0 0
0 0 0 0 0
0 0 0 0 0
0 0 0 0 0
0 0 0 0 0
0 0 0 0 0
0 0 0 0 0
0 0 0 0 0
0 0 0 0 0
0 0 0 0 0
1.192724 0 0 0 0
0 0 0 0 0
0 0 0 0 0
0 0 0 0 0
0 0 0 0 0
0 0 0 0 0
0 0 0 0 0
0 0 0 0 0
0 0 0 0 0
0 0 0 0 0
0 0 0 0 0
0 0 0 0 0
0 0 0 0 0
0 0 0 0 0
0 0 0 0 0
0 0 0 0 0
0 0 0 0 0
2.7661258 0.7521148 2.798639 2.764993 1.4950462
0.361722 0 0 0.0771726 0
0.292107 0 0 0.673056 -4
0 0 1.375903 0 0
0 0 0 0 0
3.6702498 2.368762 1.710122 2.9797198 6.844825
0.713836 1.889663 1.193016 0.96312 4
0.267045 0.514648 0.107625 1.732794 0
0 0 0 0 0
0 0 0 0 0
0.515284 0.532456 1.012307 1.2469008 -4.655681
0 0 0 -0.0023 -4
0 0 0 0 0
0 0 0 0 0
0 0 0 0 0
4.781613 4.158599 3.6558256 4.4371682 9.5533846
0.601733 0 0 0.160845 -5.92
0 0.476915 0 0.747545 0
0 0.850676 0 0.330101 -6.4
0 0.858537 0.479577 1.1146036 -1.6
0 0 0 0 0
0 0.247727 0.455531 -0.078101 0
0 0 0 1.0269456 2.608
0.300873 0.637735 3.378096 0.667847 -4
0 0 0 0 0
0 0 0 0 0
0.093704 0 0 0.029158 0
3.488239 2.368255 2.863716 -0.196489 -1.6
0 0 0 0 0
0 0 0 0 0
0 0 0 0 0
0.969069 1.180092 0.4379374 0.592921 0
0.664048 -0.065394 0.324057 -0.022494 0
0 2.8520036 2.501537 1.402278 6.4
0 0 0.077791 1.979896 2.176
0.054666 2.857003 0 1.059299 -4
0 0 0 0 0
0.920747 1.195735 0 2.359568 7.84
0.299126 0 0 0.043819 0
2.808617 0.007068 0 1.324741 0
0 0 0 0 0
0 0 0 0 0
0 1.675673 1.657138 1.186026 4
0 1.078044 0 0 4
0 0 0 0 0
0 0 0 0 0
0 0 0 0 0
1.230114 0.82956 0.6522425 1.3478568 0
0.902725 0 0 0.895136 0
0 1.812399 0 0.3133158 0
0.0405836 -0.117572 0 0.212598 -4
-0.060642 3.442305 0 -0.003164 -4
0 0 0 0 0
0 0 1.180375 0 -4
0.653917 0.0300178 0.007852 0.673166 4
0 1.494352 0 0.855783 -4
0 0 0 0 0
0 0 0 0 0
0 0 0 -0.003096 0
0.333476 -0.025502 0.6756912 1.0940714 0
0 0 0 0 0
0 0 0 0 0
0 0 0 0 0
2.4202398 0 0 3.711453 0
0.203242 0.70241 -0.158697 0 -4
0 0 0.049805 -0.086749 -4
1.452086 0.061817 -0.080779 -0.141535 0
1.582907 1.200841 0.956066 1.827099 4
0 0 0 0 0
0 0 0 0 0
-0.017641 0 -0.001248 0 0
0 0 0 0.013514 4
0 0 0 0 0
0 0 0 0 0
0 0 -0.029859 0 0
0.422053 1.631877 1.225593 1.709781 4
0 0 0 0 0
0 0 0 0 0
0 0 0 0 0
2.9754054 0.841448 1.396252 1.8031382 -1.6
0 0.162558 0 0 -4
0.404034 -0.321955 0 0.853506 -4
0 0 0 0.411856 -4
0 0 0 1.870678 2.272
0 0 0 0 0
0 0 0 0 1.6
0 0 0 0 0
0.8354382 0 0.373548 0.144165 0
0 0 0 0 0
0 0 0 0 0
0 0 0 0 0
0 0 0.502915 0.364906 -4
0 0 0 0 0
0 0 0 0 0
0 0 0 0 0
1.215984 0 0 0.711975 4
0 -0.325413 0 0 0
-0.154683 0 0 1.87035 6.4
-0.210512 0 -0.080956 1.270407 0
2.1209372 -0.163632 0 0.447714 4
0 0 0 0 0
0 0 0 0 0
0 0.026985 0 0 0
0 0 1.316647 -0.471025 -4
0 0 0 0 0
0 0 0 0 0
0 0 0 0 0
-0.107949 0 1.4962572 1.0487524 5.44
0 0 0 0 0
0 0 0 0 0
0 0 0 0 0
2.671094 2.181574 0 0.026679 6.4
0.6721026 0.304873 0.435573 0.106481 2.272
-0.167043 0.143783 0.231244 0.17456 -6.4
1.4003254 1.896336 -0.173294 3.460539 0.7051002
1.2878992 0.778811 1.18139 0.591691 -7.021976
0 0 0 0 0
1.122631 0.9565482 0.275486 0 -4
1.8142902 1.222743 0 1.846449 4
1.39356 1.177207 2.0374952 1.71341 -0.63232
0 0 0 0 0
0 0 0 0 0
0 1.2 0 0.588172 4.6
0.4332274 0.21838 1.106566 0.236961 -5.3056
0 0 0 0 0
0 0 0 0 0
0 0 0 0 0
2.569757 1.9322096 3.1842996 4.2939806 9.810539
0 0 0 0 0
0 0 0 0 0
0 0 0 0 0
0 0 0 0 0
0 0 0 0 0
0 0 0 0 0
0 0 0 0 0
0 0 0 0 0
0 0 0 0 0
0 0 0 0 0
0 0 0 0 0
0 0 0 0 0
0 0 0 0 0
0 0 0 0 0
0 0 0 0 0
2.661128 0 0 1.202258 0
0 0 0 0 0
0 0 0 0 0
0 0 0 0 0
0 0 0 0 0
0 0 0 0 0
0 0 0 0 0
0 0 0 0 0
0 0 0 0 0
0 0 0 0 0
0 0 0 0 0
0 0 0 0 0
0 0 0 0 0
0 0 0 0 0
0 0 0 0 0
0 0 0 0 0
0 0 0 0 0
0 0 0 0 0
0 0 0 0 0
0 0 0 0 0
0 0 0 0 0
0 0 0 0 0
0 0 0 0 0
0 0 0 0 0
0 0 0 0 0
0 0 0 0 0
0 0 0 0 0
0 0 0 0 0
0 0 0 0 0
0 0 0 0 0
0 0 0 0 0
0 0 0 0 0
0 0 0 0 0
2.433268 1.2681868 1.229335 1.2229482 7.214252
0 0 0 1.215358 0
0.858103 0 0 0.35865 1.6
0.582439 0.092393 0.167997 0.143289 -4
0 0 0 0 0
2.4198694 2.23167 1.075494 3.333347 3.3290244
0.640978 0 0 0.57568 0
0.690075 0 0.054006 0.126862 -4
0 0 0 0 0
0 0 0 0 0
1.4114342 2.026272 1.47986 2.947335 4.031232
1.745673 0 0 0 0
0 0 0 0 0
0 0 0 0 0
0 0 0 0 0
3.198986 3.2509188 2.1488902 4.5652204 9.727231
1.0203114 0 0 1.228256 4
1.210065 0.1274674 0 0.319236 4
0 0.553612 0 0.00166 -4
0.41713 0.190352 0.108295 0.2074266 -4
0 0 0 0 0
1.143314 0.333332 0 0.581874 0
-0.039907 0 0 0 0
1.03433566666667 1.289064 2.356217 0.536381 0
0 0 0 0 0
0 0 0 0 0
0 0 0 0 0
0.433644 0 0 0 0
0 0 0 0 0
0 0 0 0 0
0 0 0 0 0
0.325093 2.429235 3.05791 1.839785 7.2784
0 0 -0.139286 -0.046635 0
0 -0.274229 -0.045047 -0.001971 0
2.86314 0.453711 0 0.987422 0
0 1.137416 -0.072074 -0.034216 0
0 0 0 0 0
1.002362 0.769874 0 -0.01337 0
0.119824 0 0 0 0
1.4858774 2.599866 0.227329 0.059091 0
0 0 0 0 0
0 0 0 0 0
0 0 0 0 0
0 0.15057 0 1.671788 6.4
0 0 0 0 0
0 0 0 0 0
0 0 0 0 0
0 0 0.658592 1.679186 0
-0.018859 0.006269 0 0 -4
-0.015662 0 0 0 -4
0 0 0 0.782299 -6.4
1.294218 0.476953 1.747547 0.038906 -4
0 0 0 0 0
0.002839 0 0 0.018246 0
0 0 0 -0.048482 -0.64
0 1.360771 -0.092926 0 6.4
0 0 0 0 0
0 0 0 0 0
1.022746 0 0 0.324204 4
1.190455 0 0.078797 0 0
0 0 0 0 0
0 0 0 0 0
0 0 0 0 0
0.408704 0 0.75714 1.9980134 -1.6
0 0 0 0.265892 0
0 0 0 0.771578 0
0 0 0 2.781754 -5.92
1.3515408 -0.027631 0 1.299361 6.4
0 0 0 0 0
-0.077528 0 0 7e-06 0
0 0 0.026421 0 0
0 0 0 1.0686056 0
0 0 0 0 0
0 0 0 0 0
0 0 0 0 0
-0.107336 2.495371 0 0.090096 0
0 0 0 0 0
0 0 0 0 0
0 0 0 0 0
0.23815 0.640501 1.135066 0 4
-0.413815 0 0 0 0
0 0 0 1.895592 0
1.211912 0 2.599166 0 0
2.403026 0 0 1.722824 -3.5776
0 0 0 0 0
0 1.100861 0 0 0
0 0 0 0 0
0.801542 0 0.208932 0 0
0 0 0 0 0
0 0 0 0 0
-0.019174 0 0 1.348043 0
1.958655 0 0 0.6682352 0
0 0 0 0 0
0 0 0 0 0
0 0 0 0 0
0.773166 0.717819 1.985772 0 4
-0.583909 0 -0.643793 1.252447 -8.704
0.48703 0.285817 0.549392 0.6445496 -8.084684
0.650228 1.88986 0.198414 0.731045 -6.646748
0.5825448 1.6431738 1.089144 0.786234 -6.1696
0 0 0 0 0
-0.150514 0 0.004423 0.4554054 4
1.310772 0.90142 0 0.914189 4
1.297792 0.391169 -0.097659 1.989507 4.096
0 0 0 0 0
0 0 0 0 0
0 0 0 1.1491358 1.118721
0 1.239363 1.097142 0.806327 4
0 0 0 0 0
0 0 0 0 0
0 0 0 0 0
2.087344 2.822787 1.866052 2.9441606 1.363405
0 0 0 0 0
0 0 0 0 0
0 0 0 0 0
0 0 0 0 0
0 0 0 0 0
0 0 0 0 0
0 0 0 0 0
0 0 0 0 0
0 0 0 0 0
0 0 0 0 0
0 0.019774 0 0 0
0 0 0 0 0
0 0 0 0 0
0 0 0 0 0
0 0 0 0 0
0.042635 0 0 0 4
0 0 0 0 0
0 0 0 0 0
0 0 0 0 0
0 0 0 0 0
0 0 0 0 0
0 0 0 0 0
0 0 0 0 0
0 0 0 0 0
0 0 0 0 0
0 0 0 0 0
1.738715 0 0 0.010156 4
0 0 0 0 0
0 0 0 0 0
0 0 0 0 0
0 0 0 0 0
0 0 0 0 0
0 0 0 0 0
0 0 0 0 0
0 0 0 0 0
0 0 0 0 0
0 0 0 0 0
0 0 0 0 0
0 0.689468 0 0 0
0 0 0 0 0
0 0 0 0 0
0 0 0 0 0
0 0 0 0 0
0 0 0 0 0
0 0 0 0 0
0 0 0 0 0
0 0 0 0 0
0 0 0 0 0
0 0 0 0 0
0 0 0 0 0
0 0 0 0 -4
0 0 0 0 0
0 0 0 0 0
0 0 0 0 0
0 0 0 0 0
0 0 0 0 0
0 0 0 0 0
0 0 0 0 0
0 0 0 0 0
0 0 0 0 0
0 0 0 0 0
0 0 0 0 0
0 0 0 0 0
0 0 0 0 0
0.8593064 1.1229846 1.7901218 1.8465494 -9.2731162
0 0 0 0 0
0.415909 0 0.900134 1.304238 0
0.125741 0 0 0 0
0 0 0 0 0
1.34651 1.976416 1.588184 1.876843 4.830361
0 0 0 0 0
1.312379 0 0 0 0
0 0 0 0 0
0 0 0 0 0
2.2231012 2.5609186 0.637383 2.585716 5.2
-0.030661 0 0 0 0
0 0 0 0 0
0 0 0 0 0
0 0 0 0 0
3.119997 2.177165 2.3165614 4.1877292 8.739252
0 0 1.517196 0 2.368767
0 0 1.089144 0.388701 -4.288
0.052878 0.616853 0 1.450062 -4
1.663312 0 0.11148 0.063152 -4
0 0 0 0 0
-0.007049 0 -0.00179 0.017562 0
0 -0.01167 0 0 5.44
-0.103317 1.216164 0.928838 0 6.4
0 0 0 0 0
0 0 0 0 0
0 0 0 0.000131 0
1.027415 0 0 1.687517 4.48
0 0 0 0 0
0 0 0 0 0
0 0 0 0 0
0.538685 0.827138 0.342861 1.373223 0
0.55969 0 0.514923 0 0.16
0 0 0 0 4
0 1.502182 0 0 0
0 1.201231 0 0 4
0 0 0 0 0
0 0 0 0.02259 4
2.181817 0 0 0 0
0 0 0 -0.004715 1.6
0 0 0 0 0
0 0 0 0 0
0 0 0 0 0
0 -0.089646 0 1.87049 0
0 0 0 0 0
0 0 0 0 0
0 0 0 0 0
0.998601 0.448899 0.096373 1.956086 4
0.059363 0 0 -0.25433 0
0 0 0 0 0
0 0.005064 -0.041855 0 -4
0.012596 0 1.640703 2.573438 -4
0 0 0 0 0
0 0 0 0 4
0.43215 0 0.031181 0 0
0 0 0 0 4
0 0 0 0 0
0 0 0 0 0
0 0 0 0 0
0 0 0 -0.021448 0
0 0 0 0 0
0 0 0 0 0
0 0 0 0 0
0.529721 0.339639 0 0 4
0.078431 0 0 0 -4
-0.120707 0 0 0.42375 0
0 0.017299 0 0 0
0.968029 1.034896 -0.518245 0.536559 -4
0 0 0 0 0
0 0 0 0.017356 4
0 0 0 0 0
1.177695 0.158486 2.073004 0.047546 0
0 0 0 0 0
0 0 0 0 0
0 0 0 0 0
0 0 -0.138052 0 0
0 0 0 0 0
0 0 0 0 0
0 0 0 0 0
0.303496 0 0 0.815401 -4
0.042789 0 0 0.4374968 -6.4
0.212213 0 0.620525 0.310489 -7.264
1.4920912 0.8693736 0.66323 0.782216 -3.94911
0.5075964 1.311274 0.545367 0.8073584 -1.942544
0 0 0 0 0
0 -0.096384 0.027328 0.184145 -0.16
1.184729 0 0 1.796546 4
4.281734 -0.0723556 -0.625937 2.025425 -3.735499
0 0 0 0 0
0 0 0 0 0
0.521136 0.593948 0 2.7954674 -0.48
2.613547 0.976858 0 3.6215038 7.951283
0 0 0 0 0
0 0 0 0 0
0 0 0 0 0
2.7145344 2.9082686 0.16754 1.011145 5.522083
0 0 0 0 0
0 0 0 0 0
0 0 0 0 0
0 0 0 0 0
0 0 0 0 0
0 0 0 0 0
0 0 0 0 -4
0 0 0 0 0
0 0 0 0 0
0 0 0 0 0
0 0 0 0 0
0 0 0 0.242899 0
0 0 0 0 0
0 0 0 0 0
0 0 0 0 0
0 0 0 0.691494 0
0 0 0 0 0
0 0 0 0 0
0 0 0 0 0
0 0 0 0 0
0 0 0 0 0
0 0 0 0 0
0 0 0 0 4
0 0 0 0 0
0 0 0 0 0
0 0 0 0 0
0 0 0 0 0
0 0 0 0 0
0 0 0 0 0
0 0 0 0 0
0 0 0 0 0
0.564023 0 0 0 0
0 0 0 0 0
0 0 0 0 0
0 0 0 0 0
0 0 0 0 0
0 0 0 0 0
0 0 0 0 0
0 0 0 0 0
0 0 0 0 0
0 0 0 0 0
0 0 0 0 0
0 0 0.011413 1.030566 0
0 0 0 0 0
0 0 0 0 0
0 0 0 0 0
0 0 0 0 0
0 0 0 0 0
0 0 0 0 0
0 0 0 0 0
0 0 0 0 0
0 0 0 0 0
0 0 0 0 0
0 0 0 0 0
0 0 0 0 0
0 0 0 0 0
0 0 0 0 0
0 0 0 0 0
0 0 0 1.150743 0
0 0 0 0 0
0 0 0 0 0
0 0 0 0 0
0 0 0 0 0
0 1.148044 0.421315 0 0
0 0 0 0 0
0 0 0 0 0
0 0 0 0 0
0 0 0 0 0
0 0 0 0 0
0 0 0 -0.00277 4
0 0 0 0 0
0 0 0 0 0
0 0 0 0 0
0 0 0 0 0
0 0 0 0 0
0 0 0 0 0
0 0 0 0 0
0 0 0 0 0
0 0 0 0 0
0 -0.100709 0 1.309342 4.96
0.7624944 0.5535002 1.283576 1.4960478 -7.538738
0 0 0 0.051327 0
3.748382 0 0 0 4
0 0 0 0 -4
0 0 0 0 0
3.138791 0.2667498 0.424231 1.695683 4.50176
0 0 -0.177857 0 0
0 0 0 2.195603 0
0 0 0 0 0
0 0 0 0 0
3.559417 1.155742 1.522106 2.529273 8.5312
-0.559101 0 0 0 0
0 0 0 0 0
0 0 0 0 0
0 0 0 0 0
1.8220992 0.487336 3.8681824 2.031738 0.25248
0 0 0 0 0
1.207371 0 -0.075214 0.031335 4
0 0 0.685853 0 0
0 -0.032138 0 0.843837 -0.704
0 0 0 0 0
0 0 0 0 4
-0.029861 -0.010734 0 1.156691 6.4
2.683336 0.074586 0 0 0
0 0 0 0 0
0 0 0 0 0
1.768726 0 -0.036655 0 4
1.100487 0.9575998 0.3712898 0.9301344 0
0 0 0 0 0
0 0 0 0 0
0 0 0 0 0
0.215918 1.21151 1.983011 0.599702 -0.48
0 0.633654 0 0 -4
0 0 0 0 4
0 0.041729 0.912487 0.324065 -0.16
0 0 0 0.621786 -4
0 0 0 0 0
1.400963 0 0 0 0
0 0 0 1.39096 0
0.042514 0 0 0.739749 4
0 0 0 0 0
0 0 0 0 0
0 0 0 0 0
0 0 0 0 0
0 0 0 0 0
0 0 0 0 0
0 0 0 0 0
0.61737 0 2.660314 0.607038 1.6
-0.225337 0 0 0 -4
0 0 0.296517 0.033198 4
-0.184401 0 -0.443544 0.027538 0
0 1.823891 0 -0.298941 0
0 0 0 0 0
0 0 0 0 0
0 0 0 0 0
0 0 0 1.135281 0
0 0 0 0 0
0 0 0 0 0
0 0 0 0 0
-0.007466 2.188033 0 -0.000461 5.92
0 0 0 0 0
0 0 0 0 0
0 0 0 0 0
0 0.067311 0 1.0270646 0
-0.169813 0 0 0.199047 2.2784
1.14417 -0.295114 0.059732 0.60545 -4
-0.240957 -0.221509 -0.216548 0.606851 4.363456
0.311098 1.0523544 1.104004 0.6244442 -7.5220636
0 0 0 0 0
0.098769 0 0 0.410128 0
0.97222 0 0.094237 1.683034 0.74112
1.821464 2.55894 1.560967 1.49917 5.588224
0 0 0 0 0
0 0 0 0 0
0 0 -0.033732 0 6.4
0.8364508 1.043875 0.867103 2.598395 -0.16
0 0 0 0 0
0 0 0 0 0
0 0 0 0 0
2.908111 1.012027 1.442427 3.4838396 6.884854
0 0 0 0 0
0 0 0 0 0
0 0 0 0 0
0 0 0 0 0
0 0 0 0 0
0 0 0 0 0
0 0 0 0 0
0 0 0 0 0
0 0 0 0 0
0 0 0 0 0
0 0 0 2.177243 0
0 0 0.010245 0.832593 6.4
0 0 0 0 0
0 0 0 0 0
0 0 0 0 0
0 0.989917 0 0 -4
0 0 0 0 0
0 0 0 0 0
0 0 0 0 0
0 0 0 0 0
0 0 0 0 0
0 0 0 0 0
0 0 0 0 0
0 0 0 0 0
0 0 0 0 0
0 0 0 0 0
0 0 0 0 0
0 0 0 0 0
0 0 0 0 0
0 0 0 0 0
0 0 0 0 0
0 1.388942 0 0 0
0 0 0 0 0
0 0 0 0 0
0 0 0 0 0
0 0 0 0 0
0 0 0 0 0
0 0 0 0 0
0 0 0 0 0
0 0 0 0 0
0 0 0 0 0
0 0 0 0 0
0 0 0 0 0
0 0 0 0 0
0 0 0 0 0
0 0 0 0 0
0 0 0 0 0
0 0 0 0 -4
0 0 0 0 0
0 0 0 0 0
0 0 0 0 0
0 0 0 0 0
0 0 0 0 0
0 0 0 0 0
0 0 0 0 0
0 0 0 0 0
0 0 0 0 0
0 0 0 0 0
0 0 0 0 0
0 0 0 0 0
0 0 0 0 0
0 0 0 0 0
0 0 0 0 0
0 0.65605 0 0.010909 -4
0 0 0 0 0
0 0 0 0 0
0 0 0 0 0
0 0 0 0 0
0 0 0 0 0
0 0 0 0 0
0 0 0 0 0
0 0 0 0 0
0 0 0 0 0
0 0 0 0 0
0 0 0 0 0
0 0 0 0 0
0 0 0 0 0
0 0 0 0 0
0 0 0 0 0
1.677502 0 0 -0.107569 0
0 0 0 0 0
0 0 0 0 0
0 0 0 0 0
0 0 0 0 0
0 0 0 0 0
0 0 0 0 0
0 0 0 0 0
0 0 0 0 0
0 0 0 0 0
0 0 0 0 0
0 0 0 0 0
0 0 0 0 0
0 0 0 0 0
0 0 0 0 0
0 0 0 0 0
0 0 -0.048406 0.028731 -4
1.877272 0.789682 0.585155 0.915451 -9.207023
0 0 0 0 0
0 0 0 0 0
0.8385406 0 0 0.8500886 -4
0 0 0 0 0
0.4055114 0.019862 0.152843 1.644557 -0.64
0 0 0 0 4
1.033459 0 0 0 0
0 0 0 0 0
0 0 0 0 0
2.041403 0 -0.141065 1.9626256 7.84
0.013998 0.691863 0.138853 0.020737 0
0 0 0 0 0
0 0 0 0 0
0 0 0 0 0
2.290328 2.154992 3.448756 2.571131 3.379286
0 0 0 0 0
0 0 0 1.203592 4
0.017967 0 0 0.081758 -5.6
0 0 0 0.209413 4
0 0 0 0 0
0 0 0 0 0
0.040351 0 0.039612 0 0
-0.01583 0 -0.277993 0 -4
0 0 0 0 0
0 0 0 0 0
0 0 0 0.095325 -4
1.0978032 0 0 1.3605058 6.4
0 0 0 0 0
0 0 0 0 0
0 0 0 0 0
2.642258 1.36118 0 1.355989 -1.6
0 0.613091 0 0.067254 0
0 0 0 0 0
0 0.442926 0 0 0
0 0 0.572535 0.40238 -4
0 0 0 0 0
-0.086968 0 0 0 0
0 0 0 0.543413 0
0.8753236 0 0 0 -4
0 0 0 0 0
0 0 0 0 0
0 0 0 1.086617 0
0.928904 0 0 0.404975 0
0 0 0 0 0
0 0 0 0 0
0 0 0 0 0
-0.096881 0.136286 0 1.059745 0
0 0 -0.004195 -0.059067 -4.27264
1.494048 0 0 0.847546 -4
1.182365 -0.127644 -0.079935 1.2918166 3.453184
0.20394 0.176353 -0.2098416 0.5910596 -9.201665
0 0 0 0 0
0.0232 1.816468 0 0.28175 -4
-0.017144 -0.032497 0 0 4
3.048292 1.183137 0.688919 1.8321642 -6.075284
0 0 0 0 0
0 0 0 0 0
0 0.053068 0 0 4
3.0526932 2.407834 1.672616 3.7121788 8.0690176
0 0 0 0 0
0 0 0 0 0
0 0 0 0 0
2.212117 0.650078 2.919009 3.147357 6.548208
0 0 0 0 0
0 0 0 0 0
0 0 0 0 0
0 0 0 0 0
0 0 0 0 0
0 0 0 0 0
0 0 0 0 0
0 0 0 0 0
0 0 0 0 0
0 0 0 0 0
0 0 0 1.735008 0
0 0 0 0 0
0 0 0 0 0
0 0 0 0 0
0 0 0 0 0
0.42651 0.797805 -0.016527 1.391686 0
0 0 0 0 0
0 0 0 0 0
0 0 0 0 0
0 0 0 0 0
0 0 0 0 0
0 0 0 0 0
0 0 0 0 0
0 0 0 0 0
0 0 0 0 0
0 0 0 0 0
0 0 0 0 0
0 0 0 0 0
0 0 0 0 0
0 0 0 0 0
0 0 0 0 0
0 0.03164 0 0 0
0 0 0 0 0
0 0 0 0 0
0 0 0 0 0
0 0 0 0 0
0 0 0 0 0
0 0 0 0 0
0 0 0 0 0
0 0 0 0 0
0 0 0 0 0
0 0 0 0 0
0 0 0 0 0
0 0 0 0 0
0 0 0 0 0
0 0 0 0 0
0 0 0 0 0
0 0 0 -0.009295 0
0 0 0 0 0
0 0 0 0 0
0 0 0 0 0
0 0 0 0 0
0 0 0 0 0
0 0 0 0 0
0 0 0 0 0
0 0 0 0 0
0 0 0 0 0
0 0 0 0 0
0 0 0 0 0
0 0 0 0 0
0 0 0 0 0
0 0 0 0 0
0 0 0 0 0
0 0 0 0 0
0 0 0 0 0
0 0 0 0 0
0 0 0 0 0
0 0 0 0 0
0 0 0 0 0
0 0 0 0 0
0 0 0 0 0
0 0 0 0 0
0 0 0 0 0
0 0 0 0 0
0 0 0 0 -4
0 0 0 0 0
0 0 0 0 0
0 0 0 0 0
0 0 0 0 0
0 0 0 0 0
0 0 0 0 0
0 0 0 0 0
0 0 0 0 0
0 0 0 0 0
0 0 0 0 0
0 0 0 0 0
0 0 0 0 0
0 0 0 0 0
0 0 0 0 0
0 0 0 0 0
0 0 0 0 0
0 0 0 0 0
0 0 0 0 0
0 0 0 0 0
0 0 0 0 0
0 0 0 2.393361 0
0 0 0 0 0
0 0 0 0 0
0 0 0 0 0
0 0 0 0 0
0 0 0 0 0
0 0 0 0 0
0 0 0 0 0
0 0 0 0 0
0 0 0 0 0
0 0 0 0 0
0 0 0 0 0
0 0 0 0 0
0 0 0 0 0
0 0 0 0 0
0 0 0 0 0
0 -0.012602 0 0 0
0.471413 0.6982698 0 0.332794 -9.3246806
0 0 0 0.768764 0
0 0 0 0 0
0.0563 0 0 0.631088 0.64
0 0 0 0 0
2.229866 0.695938 -0.093853 0.223197 6.4
0 0 0 0 0
0 0 0.507998 -0.204163 4
0 0 0 0 0
0 0 0 0 0
2.0297186 0.985716 0 2.1131852 4.96
0 0.003664 0 1.213978 -4
0 0 0 0 0
0 0 0 0 0
0 0 0 0 0
1.99139 1.094719 1.456637 1.372675 -1.636096
0 0 0 0 0
0 0 0 0 -4
0 0 0 0 0
1.708859 0 0 0.159557 2.176
0 0 0 0 0
0 0 0 0 0
0 0 0 0 0
1.150482 -0.000898 -0.477245 0 0
0 0 0 0 0
0 0 0 0 0
0 0 0 0 0
0 0 0 2.2182548 0
0 0 0 0 0
0 0 0 0 0
0 0 0 0 0
1.119328 0 2.466603 1.593142 0.2
1.436249 0 0 0.6374022 -6.656
0.956422 0 0 1.327913 8.28928
0 0.132407 0 0.17764 0.007936
0.1443924 0.225081 0.274679 0.655633 1.285803
0 0 0 0 0
0 0 0 0.998626 0
0.304197 0.410703 -0.291883 0.123211 -6.4
0.482754 1.58416 0 2.434261 5.3056
0 0 0 0 0
0 0 0 0 0
1.123673 0 0 0.083851 4
1.097685 2.314742 0 0.8902984 0.1856
0 0 0 0 0
0 0 0 0 0
0 0 0 0 0
1.5017548 2.793423 2.6224016 1.9433732 -4.788229
0 0 0 0 0
0 0 0 0 0
0 0 0 0 0
0 0 0 0 0
0 0 0 0 0
0 0 0 0 0
0 0 0 0 0
0 0 0 0 0
0 0 0 0 0
0 0 0 0 0
0 0 0 0 0
0 2.937067 0 0 0
0 0 0 0 0
0 0 0 0 0
0 0 0 0 0
0.061015 0 0 -0.033945 0
0 0 0 0 0
0 0 0 0 0
0 0 0 0 0
0 0 0 0 0
0 0 0 0 0
0 0 0 0 0
0 0 0 0 0
0 0 0 0 0
0 0 0 0 0
0 0 0 0 0
0 0 0 0 0
0 0 0 0 0
0 0 0 0 0
0 0 0 0 0
0 0 0 0 0
0 0 0 0 0
0 0 0 0 0
0 0 0 0 0
0 0 0 0 0
0 0 0 0 0
0 0 0 0 0
0 0 0 0 0
0 0 0 0 0
0 0 0 0 0
0 0 0 0 0
0 0 0 0 0
0 0 0 0 0
0 1.778686 0 0 0
0 0 0 0 0
0 0 0 0 0
0 0 0 0 0
0 0 0 0 0
0 0 0 0 0
0 0 0 0 0
0 0 0 0 0
0 0 0 0 0
0 0 0 0 0
0 0 0 0 0
0 0 0 0 0
0 0 0 0 0
0 0 0 0 0
0 0 0 0 0
0 0 0 0 0
0 0 0 0 0
0 0 0 0 0
0 0 0 0 0
0 0 0 0 0
0 0 0 0 0
0 0 0 0 0
0 0 0 0 0
0 0 0 0 0
0 0 0 0 0
0 0 0 0 0
0 0 0 0 0
0 0 0 0 0
0 0 0 0 0
0 0 0 0 0
0 0 0 0 0
0 0 0 0 0
0 0 0 0 0
0 0 0 0 0
0 0 0 0 0
0 0 0 0 0
0 0 0 0 0
0 0 0 0 0
0 0 0 0 0
0 0 0 0 0
0 0 0 0 0
0 0 0 0 0
0 0 0 0 0
0 0 0 0 0
0 0 0 0 0
0 0 0 0 0
0 0 0 0 0
0 0 0 0 0
0 0 0 0 0
0 0 0 0 0
0 0 0 0 0
0 0 0 0 0
0 0 0 0 0
0 0 0 -0.006665 0
0 0 0 0 0
0 0 0 0 0
-0.077297 0 0 0 0
0 0 0 0 0
0 0 0 0 0
0 0 0 0 0
0 0 0 0 0
0 0 0 0 0
0 0 0 0 0
0 0 0 0 0
0 0 0 0 0
0 0 0 0 0
0 0 0 0 0
0 0 0 0 0
0 0 0 0 0
0 0 0 0 0
0 0 0 0 0
0 0 0 0 0
0 0 0 0 0
0 0 0 0 0
0 0 0 0 0
0 0 0 0 0
0 0 0 0 0
0 0 0 0 0
0 0 0 0 0
0 0 0 0 0
0 0 0 0 0
0 0 0 0 0
0 0 0 0 0
0 0 0 0 0
0 0 0 0 0
0.3235016 0.0856824 0.269126 0.6648772 5.719631
0 0 0 0 0
0 0 0 0 0
0 0 0 0 -4
0 0 0 0 0
2.105356 0.3275328 0.022529 1.676972 1.6
0 0 0 0 0
0 0 -0.068195 0 -4
0 0 0 0 0
0 0 0 0 0
0 -0.215116 0 1.474467 -1.6
0 0 0 0 0
0 0 0 0 0
0 0 0 0 0
0 0 0 0 0
1.425458 0.500669 0.388967 1.970029 6.531674
0 0 0 0 0
1.060693 0 0 0.0691368 0
0.118024 -0.076019 0 0 -1.5408
0.5597684 0.8913786 0 1.003405 -5.52726
0 0 0 0 0
0 0 0 0.011099 0
-0.014157 0.000594 0 -0.0655272 0
0.1255262 0 0 0.1029212 1.6
0 0 0 0 0
0 0 0 0 0
2.818342 -0.113486 1.139785 0 0
0.009095 -0.015688 0 -0.072415 0
0 0 0 0 0
0 0 0 0 0
0 0 0 0 0
2.1215506 1.515451 1.979704 1.95071 4.36402
0 0 0 0 0
0 0 0 0 0
0 0 0 0 0
0 0 0 0 0
0 0 0 0 0
0 0 0 0 0
0 0 0 0.72211 4
0 0 0 0 0
0 0 0 0 0
0 0 0 0 0
0 0 0 0 0
-0.006271 0 0 0 0
0 0 0 0 0
0 0 0 0 0
0 0 0 0 0
0.0100492 0.783387 0.0079114 -0.0107482 -5.92
0 0 0 0 0
0 0 0 0 0
0 0 0 0 0
0 0 0 0 0
0 0 0 0 0
0 0 0 0 0
0 0 0 0 0
0 0 0 0 0
0 0 0 0 0
0 0 0 0 0
0 0 0 0 0
0.528507 0 0 1.70027 0
0 0 0 0 0
0 0 0 0 0
0 0 0 0 0
1.786266 0 0 1.404397 2.88
0 0 0 0 0
0 0 0 0 0
0 0 0 0 0
0 0 0 0 0
0 0 0 0 0
0 0 0 0 0
0 0 0 0 0
0 0 0 0 0
0 0 0 0 0
0 0 0 0 0
0 0 0 0 0
0 0 0 0 0
0 0 0 0 0
0 0 0 0 0
0 0 0 0 0
0 1.325512 0 0 0
0 0 0 0 0
0 0 0 0 0
0 0 0 0 0
1.747008 0 0 0 0
0 0 0 0 0
0 0 0 0 0
0 0 0 0 0
0 0 0 0 0
0 0 0 0 0
0 0 0 0 0
0 0 0 0 0
0 0 0 2.145667 0
0 0 0 0 0
0 0 0 0 0
0 0 0 0 0
0.416698 0.289452 0 0.130307 0
0 0 0 0 0
0 0 0 0 0
0 0 0 0 0
0 0 0 0 0
0 0 0 0 0
0 0 0 0 0
0 0 0 0 0
0 0 0 0 0
0 0 0 0 0
0 0 0 0 0
0 0 0 0 0
0 0 0 0 0
0 0 0 0 0
0 0 0 0 0
0 0 0 0 0
0.419081 -0.004145 0 0.909062 -4
0 0 0 0 0
0 0 0 0 0
0 0 0 0 0
0 0 0 0 0
0 0 0 0 0
0 0 0 0 0
0 0 0 0 0
0 0 0 0 0
0 0 0 0 0
0 0 0 0 0
0 0 0 0 0
0 0 0 0 0
0 0 0 0 0
0 0 0 0 0
0 0 0 0 0
0 0 0 0 4
0 0 0.029331 0 0
0 0 0 0 0
0 0 0 0 0
0 0 0 0 0
0 0 0 0 0
0 0 0 0 0
0 0 0 0 0
0 0 0 0 0
0 0 0 0 0
0 0 0 0 0
0 0 0 0 0
0 0 0 0 0
0 0 0 0 0
0 0 0 0 0
0 0 0 0 0
0 0 0 0 0
0 0 0 0 0
0 0 0 0 0
0 0 0 0 0
0 0 0 0 0
0 0 0 0 0
0 0 0 0 0
0.988115 0 0 0 0
0 0 0 0 0
0 0 0 0 0
0 0 0 0 0
0 0 0 0 0
0 0 0 0 0
0 0 0 0 0
0 0 0 0 0
0 0 0 0 0
0 0 0 -0.019763 0
0 0 0 0 0
0 0 0 0 0
0 0 0 0 0
0 0 0 0 0
0 0 0 0 0
0 0 0 0 0
0 0 0 0 0
0 0 0 0 0
0 0 0 0 0
0 0 0 0 0
0 0 0 0 0
0 0 0 0 0
0 0 0 0 0
0 0 0 0 0
0 0 0 0 0
0 0 0 0 0
0.589117 0.622849 1.00263 0.057223 -2.3897824
0.596796 0.915777 0 0.685968 1.0624
0.642776 0 -0.033135 0.576335 1.267456
-0.2571818 0.001504 -0.131141 0.850263 1.296083
0 0 0 0 0
0.9428872 3.148754 0.065398 2.0250428 -0.670068
-0.05364 -0.43757 0.168886 2.1034 4
0.697385 1.336308 0.6873908 1.6560856 1.108352
0 0 0 0 0
0 0 0 0 0
2.3692778 1.452156 1.643733 1.8904896 9.314947
1.666109 1.290134 3.457917 3.385626 6.41152
0 0 0 0 0
0 0 0 0 0
0 0 0 0 0
3.3637062 4.896966 1.010839 3.485099 2.319499
