1.0444434 1.7841712 1.469509 1.0918248 -5.245207
1.642684 2.862771 1.685804 1.755214 4
1.4870906 0.141929 0 0.372183 4
0.244642 0 0.917026 1.21781 -6.4
0.334113 0 0 0.508354 -4
4.7607668 3.3581322 4.4804504 3.2767474 9.1035414
1.155345 1.37893 1.367339 1.5204628 -6.4
1.309574 0.583998 0.560143 0.627086 -9.0928
1.8870734 3.345889 1.196356 1.1995564 -0.1856
0 0 0.888306 0 0
1.7851706 1.9498426 2.484735 1.317989 -7.024532
2.573984 1.659212 0.621943 2.6939286 5.4304
1.36892 2.184245 0.8261552 1.180292 0.90555
0 0 0 0 0
0.513204 0 1.411754 1.161148 0
4.9117856 4.3376982 4.5159574 4.260706 9.773821
0.435885 0.808082 0.922491 1.228101 -6.688
1.733016 0.503865 0.979124 1.1157184 0
0.992938 0.383783 0.342638 1.0458382 -4.96
1.4875678 0.68197 1.995673 1.035105 -4
0 0 0 0.992714 0
1.2472046 2.005843 0.504145 2.0262246 -1.6
2.6604276 2.063403 1.9066 1.2331576 5.3632
1.413942 0.803788 3.290275 1.7041084 1.40288
1.7308462 0.543172 0.485543 1.560222 -2.176
0 0 0 0 0
1.334519 2.404227 1.77354 0.983662 3.28
4.869307 2.198203 2.3935236 1.7346466 -0.016
1.941489 2.85759 1.2536812 1.2538826 2.268299
0 0 0 0 0
0 0 0 0 0
3.4786434 2.285643 3.2502826 2.866888 -2.5664
0.908283 0 1.01845 1.238551 -4
2.527121 0.96026 0 1.545212 0
1.263169 0.138458 0.724715 1.246088 -4.792
1.186886 0.293483 2.0537706 0.772156 -8.488001
0 0.757652 0.773084 0 0
0.877229 1.931859 0 2.212885 4
1.2500262 1.0465012 1.85917975 1.0023384 4.617664
1.2398306 1.8408268 0.625212 0.847118 1.6
1.685079 0.245977 0 1.950015 8.704
0 0 0 0 0
1.2132 1.39931 0 1.74734 -2.88
0.524523 2.412275 0.475602 1.072265 -3.616
4.130351 1.328964 1.86794 2.439998 -5.56
0 0 0 0 0
0 0 0 0 0
3.3297856 3.071969 2.914438 3.440125 6.976
0 0.545937 0.983619 0.295585 0
1.0315122 0.483861 0 0.588158 0
1.507524 0 0.142785 0.722069 -4
0.107497 0.879468 0.810462 1.009062 -3.04
0 0 0 0 0
0.67138 0.298705 0 0.9192916 0
0 0 2.117855 0.426657 -4
0.564506 0.641645 0.59004 2.396362 -4.8
0 0 0 0 6.4
0 0 0 0 0
0 0.35563 1.183031 0.646351 0
0.350151 0.569047 0 2.632446 5.92
2.716722 2.449446 3.307595 4.779458 9.576986
0 0 0 0 0
0.289238 0.294836 0 0.808729 0
2.96397 1.100921 3.1189404 3.756621 7.84
0.447413 0.25245 1.131178 0.343424 -4.6
0.496153 0 2.084342 2.648511 -2.464
0.915368 0 0 0.580896 -4
0.7991768 0.6847124 1.1751 0.2447498 1.6
0 0 0 0 0
0 0 0 0 0
0.678509 0.562859 1.396869 0.858772 -4
1.152589 0 0.385847 0.552811 4
0 0 0 0 0
0 0 0 0 0
1.070368 0 0 1.183031 0
0 1.055078 0.682723 1.035712 6.4
2.4419788 0.003463 2.176452 1.9941358 6.1696
0 0 0 0 0
0 0 0 0 0
0.66218 2.060497 3.619807 1.9922826 4
0.6416902 0.786397 0.863102 0.250058 -4
0 1.09093 0.547119 0.632787 -4
0.879692 0 0 0.8272374 -4
-0.020635 0.198082 1.569829 0.608032 -4.96
0 0 0 0 0
0 1.219757 0 1.194931 4
0.987227 0 0 2.00892 6.4
0.689652 0.4569198 0.493912 0.856006 2.6
0 0 0 0 4
0 0 0 0 0
0 0 0 1.951299 0
1.388093 0 0.424298 0.920035 4.96
1.375345 0.374233 0 0.93158 4
0 0 0 0 0
0 0 0 0 0
2.092618 0 1.143109 1.464359 3.904
0.349827 0 0.866782 0.322223 -6.4
0.604717 0 0 1.6948 4
0.360428 0 0 1.317269 6.4
0 0.41502 0.042267 0.190476 -3.904
0 0 0 0 0
0 0 0 0 4
0.6942612 0 1.590034 0.479555 -4
0 0 0.02978 0.276993 0
0 0 0 0 0
0 0 0 0 0
0 0 0 1.620476 0
0 0 0 1.729308 4
2.237594 0 0 0 0
0 0 0 0 0
0 0 0 0 0
0.624737 0.443675 2.4196502 1.8205814 4
0.218815 0.761732 1.821914 0.394268 -4
1.246118 0 1.112336 1.204363 4
0 0.696777 0 0.863246 0
0.9865888 0.36811 0.606924 0.537694 -0.672
0 0 0 0 0
0 0.515063 0 0 0
0 0 0 2.775244 0
0.372562 0 0 0.8109938 -4
0 0 0 0 0
0 0 0 0 0
0 0 0 0 4
-0.029735 1.62505 0 0 0
0 0 0 0 0
0 0 0 0 0
0 0 0 0 0
0 1.208172 1.2598706 0.649348 4
0 0 0 2.137242 4
0.071204 0 0.146524 0.935364 0.64
0.801234 0 0 0.895598 -4
0.220363 3.062764 0 0.61234 4
0 0 0 0 0
0 0 1.875486 0 0
0 0.833985 0 0.69686 0
1.348167 2.348084 0 1.3671578 7.84
0 0 0 0 0
0 0 0 0 0
0 0 0 0 4
1.389768 0 1.919924 0.796309 0
0 0 0 0 0
0 0 0 0 0
0 0 0 0 0
0.923362 1.304955 0.711225 1.196468 7.84
0.255093 0.414553 0.276226 0.973388 -5.2
1.199411 0.772737 0.832289 0.8067466 -3.390306
2.3215008 0.527975 0.5797928 2.929643 7.3533844
1.5335752 1.5769128 0.9695272 1.568156 3.8226452
0 0 0 0 0
0 0.008377 0.536535 0.921944 -4
0.9673402 0.738707 0.4342794 1.3499004 1.974746
3.069528 0.989761 3.2740114 4.847466 6.564854
0 0 0 0 0
0 0 0 0 0
0.538113 0 0.668692 0.994451 4.96
3.3513068 1.738408 0.5163164 1.726326 3.42784
0 0 0 0 0
0 0 0 0 0
0 0 0 0 0
3.7528826 3.090596 3.651284 1.884517 9.348284
0 0 0 0 0
0 0 0 0 0
0 0 0 0 0
0 0 0 0 0
0 0 0 0 0
0 0 0 0 0
0 0 0 0 0
0 0 0 0 0
0 0 0 0 0
0 0 0 0 0
0 0 0 0 0
0 0 0 0 0
0 0 0 0 0
0 0 0 0 0
0 0 0 0 0
0 0 0 0 0
1.528354 1.0756874 3.1837764 2.078311 -4.579923
0.53622 0 0.902157 1.439883 0
0.296383 0 1.301471 1.287801 0
0.515087 0.159967 0.159754 0.504627 -4
0 0 0 0 0
2.28384 2.560522 4.286607 4.63613 4.746676
0 1.955686 0 2.893564 3.04
0 0 0.43001 0.9646842 -4
0 0 0 0 0
0 0 0 0 0
3.6992882 2.972189 2.8512438 2.7962974 6.840064
0.709654 0.736561 1.043836 3.339847 -4
0 0 0 0 0
0 0 0 0 0
0 0 0 0 0
2.139586 3.7879828 3.880303 4.011878 2.828302
0.579946 0.277275 0 2.036291 4
0.637259 0.980267 0 0.88463 1.76
0 0.470499 0 0 -5.8
1.1945304 0.982826 0 1.0376846 1.6
0 0 0 0 0
2.932593 2.019644 1.4123664 1.3909598 -4
0.921127 0 0.520612 0.9799274 4
1.336675 0.63641 0.132671 1.351869 1.6
0 0 0 0 0
0 0 0 0 0
3.22396 2.352 0 3.924752 7.84
1.974689 1.622264 0 1.5133086 -4.96
0 0 0 0 0
0 0 0 0 0
0 0 0 0 0
3.575727 2.16804 1.427068 3.581464 7.84
1.186862 1.156646 0 0.293968 4
0.821003 1.349596 0.599674 1.9454354 -4
0.743011 0 1.237795 0.038225 -7.618816
0.8542094 0 0 2.89367 -4.96
0 0 0 0 0
0 0 0 1.1725098 4
1.147836 0.938525 0 0.211 -4
1.450611 0.8095786 0.587484 0 -4
0 0 0 0 0
0 0 0 0 0
0 1.913297 0 0 0
0.839799 0.529352 0 1.648865 -5.92
0 0 0 0 0
0 0 0 0 0
0 0 0 0 0
0.990919 1.19242 1.358116 3.1918108 6.4
0.790819 0.485821 0.587366 0.18061 -6.688
0.772208 0.467631 0.866604 1.352255 -0.48
0 1.017767 0.423532 0.498257 -8.704
0.9600804 1.036291 0 0.878462 -1.6
0 0 0 0 0
0 0.106935 1.310034 1.201494 4.48
0 0 0 0 -4
1.060899 1.263317 0.288821 0.458502 0
0 0 0 0 0
0 0 0 0 0
0.17061 0 0 0 6.4
1.773547 0 0.530575 2.028436 6.4
0 0 0 0 0
0 0 0 0 0
0 0 0 0 0
2.429972 1.456369 1.01205 1.4828022 -4
0 0.532723 0 0 0
1.2686382 2.097521 0 1.007102 0
0.550271 1.5984394 1.107044 0.4796146 0
0.3614672 0.334865 0 1.936215 -6.4
0 0 0 0 0
0 0 0 2.002759 0
0 0 0.4547782 0.349983 0
0 1.5298252 0 1.901119 4
0 0 0 0 0
0 0 0 0 0
1.245464 0 0 0.588743 0
1.225043 0 0 1.2320888 0
0 0 0 0 0
0 0 0 0 0
0 0 0 0 0
2.147227 0.692433 0 2.144359 7.84
2.723527 2.792628 0 0 4
0.630395 0 0 1.06687 0
0.4384706 0 0 0.545725 -4.4224
1.1922472 0.348397 1.472463 0.8120246 -6.4
0 0 0 0 0
1.08233 0 0 0 0
1.564482 1.553192 0 0 0
1.450227 0 0 0.9214028 -1.6
0 0 0 0 0
0 0 0 0 0
1.735479 0.619456 0 0 0
0.543945 0 0 0 0
0 0 0 0 0
0 0 0 0 0
0 0 0 0 0
1.923432 1.758504 0.608908 1.190643 8.704
0 0.386232 0 0.7808728 -8.6694406
1.994661 0.647421 0.4752 0 -6.8992
0 0 1.409433 0.58303 0
0.5698408 0.9885818 -0.25482 0.435884 -4
0 0 0 0 0
0 0 0 0 0
0.768517 0 0 0 0
1.512021 0 0 0 0
0 0 0 0 0
0 0 0 0 0
0 0 0 1.61417 0
0.827159 0 2.796664 0 4
0 0 0 0 0
0 0 0 0 0
0 0 0 0 0
1.103998 0 0.8581152 1.467879 0
1.135619 0 0.77817 0 -4.48
0.776916 0 0 1.275757 0
0 0 0 2.441133 4.96
0.649281 0.098099 0.223258 0 0
0 0 0 0 0
1.327496 0 0 0 0
0 0 0.357256 0.807316 0
0.149453 0 0.008304 0.483665 0
0 0 0 0 0
0 0 0 0 0
2.43948 0 0 2.471868 4
0 0 0 0 6.4
0 0 0 0 0
0 0 0 0 0
0 0 0 0 0
1.775942 0 0 2.706379 4
0.7119728 0.543784 0 0.0491378 -6.49216
0.401452 1.398834 2.1229172 0.922571 -5.6783374
2.7772842 2.8046096 2.222378 2.9909412 5.838841
1.661409 1.281097 0.387753 0.126941 3.678933
0 0 0 0 0
0.311615 0 0.336671 0.770872 -4.12
0.822815 1.2601524 0.9588458 2.138605 7.295335
1.13645 0.412881 0.742163 0.9076152 1.775731
0 0 0 0 0
0 0 0 0 0
0 1.5955044 0 1.731721 4.96
2.254384 1.4179782 1.1558668 2.683867 4.288
0 0 0 0 0
0 0 0 0 0
0 0 0 0 0
2.843434 2.812099 3.27028 2.107098 0.792699
0 0 0 0 0
0 0 0 0 0
0 0 0 0 0
0 0 0 0 0
0 0 0 0 0
0 0 0 0 0
0 0 0 0 0
0 0 0 0 0
0 0 0 0 0
0 0 0 0 0
0 0 0 0 0
0 0 0 0 0
0 0 0 0 0
0 0 0 0 0
0 0 0 0 0
0 1.005167 0 0.539365 0
0 0 0 0 0
0 0 0 0 0
0 0 0 0 0
0 0 0 0 0
0 0 0 0 0
0 0 0 0 0
0 0 0 0 0
0 0 0 0 0
0 0 0 0 0
0 0 0 0 0
0 0 0 0 0
0 0 0 0 0
0 0 0 0 0
0 0 0 0 0
0 0 0 0 0
0.304772 0 0 0 0
0.794235 0.743509 0.765209 1.3229198 -9.6020418
1.519796 0.737602 0 0.803283 0
1.23956 0 0 0.482275 -5.2
0 0 1.012192 0 0
0 0 0 0 0
3.075123 2.937122 2.7616042 4.160677 9.639965
0 0 0.620442 0.378949 4.96
1.044785 0.51127 0 0.161573 -4
0 0 0 0 0
0 0 0 0 0
3.0498894 2.363485 2.039407 3.762088 7.791655
1.847784 0 0 0.659665 0
0 0 0 0 0
0 0 0 0 0
0 0 0 0 0
3.022358 5.109672 4.6654882 4.1283992 9.768213
0.322326 0.461816 0 0.809113 -4
0.639398 0 0.839933 0.444411 0
0.603187 0.6357 0 0 0
0.182559 0 0 1.0272188 0
0 0 0 0 0
1.213667 0.19931 2.2100932 2.059561 6.4
0 0.661868 0 0 4
1.069151 0 0.784612 0.13293 4
0 0 0 0 0
0 0 0 0 0
0 0 0 1.894205 4
2.00921 0.330256 0 0.563433 4
0 0 0 0 0
0 0 0 0 0
0 0 0 0 0
1.281374 0 1.217779 0.257854 1.6
0 0 0.359746 0.213315 -4
1.0627822 0 0.916835 0.351751 0
0.518409 0 0.162058 1.301382 -4
0.962524 0.243738 0 0.152791 0
0 0 0 0 0
1.7325784 0 0 0.273896 0
0.357579 0.313523 0 1.949139 -1.6
1.285011 0.126154 1.273347 0.511248 6.4
0 0 0 0 0
0 0 0 0 0
0 0 0 1.20511 0
2.613595 1.176295 0 2.2539606 4
0 0 0 0 0
0 0 0 0 0
0 0 0 0 0
0.811654 0 0.12162 1.857302 5.44
0 0 0 0 -5.92
0 0 0 0.182793 0
1.460872 0.122297 1.275068 1.154979 0
0.207078 1.789238 0 0.619317 6.4
0 0 0 0 0
1.466405 0.768375 0 0.862878 7.0336
1.010487 0 0 0 -4
0 0 0 1.302078 4
0 0 0 0 0
0 0 0 0 0
1.711627 0 0 0 4
0.905383 1.081979 0 1.191419 0
0 0 0 0 0
0 0 0 0 0
0 0 0 0 0
0 0.086093 0 2.036758 6.4
0 0 0 0 0
0.152953 0 0 0.340467 -4
0 0 0.547613 0.865579 0
1.004433 0.655328 0.590206 1.101426 0
0 0 0 0 0
0 1.19805 0.970751 0 0
0 0 0 -0.023791 0.48
0 0 0 0.655436 1.76
0 0 0 0 0
0 0 0 0 0
1.643953 0.536501 0 0.904777 0
0 0.339924 0 0.486233 0
0 0 0 0 0
0 0 0 0 0
0 0 0 0 0
1.086962 3.103593 0 1.911152 3.2768
0 0 0 0.730759 -4
0.383526 0 0 0.398293 0
0.859546 0 0 1.099106 -4
0.50382 -0.186382 0 0.690458 -4.48
0 0 0 0 0
0 0 0 0 0
0 1.276211 0 0 0
1.279655 0 1.478709 0.919025 0
0 0 0 0 0
0 0 0 0 0
0 0 0 1.080068 0
1.428053 0.93166 0 1.515785 4
0 0 0 0 0
0 0 0 0 0
0 0 0 0 0
0 0 0.899859 1.596961 4
0 0 0 0 0
1.195614 0.982469 0 0.924037 4
1.187721 0.578539 0 0 0
1.3857084 0 1.035733 2.220582 -4
0 0 0 0 0
1.186088 1.536335 0 0.732051 0
0.160878 0 0 0 0
1.011051 1.192037 0.841301 1.236614 4
0 0 0 0 0
0 0 0 0 0
2.416652 0.424472 0.741245 0 4
1.229928 0 0 0.566666 0
0 0 0 0 0
0 0 0 0 0
0 0 0 0 0
0.152529 0 2.0508992 0.99982 6.4
0.3881142 0.233386 0 0.3100552 -6.976
0.970111 0.290295 0.953647 0.882402 -1.9968
0.551862 0.3052528 0.7603978 1.4060368 0.532006
1.762141 2.417055 0.3712404 3.303331 7.0102248
0 0 0 0 0
0 0.126881 0 0.121028 6.4
0.9238538 1.816369 0.539822 0.728859 -1.6
0.8830898 0.833988 1.4192 1.9630236 -6.30784
0 0 0 0 0
0 0 0 0 0
0.136995 1.334783 0.716562 1.5365264 -1.76
2.418304 1.400771 3.149913 1.742642 5.6421124
0 0 0 0 0
0 0 0 0 0
0 0 0 0 0
3.4468284 3.9104812 2.8859892 2.1101616 9.957916
0 0 0 0 0
0 0 0 0 0
0 0 0 0 0
0 0 0 0 0
0 0 0 0 0
0 0 0 0 0
0 0 0 0 0
0 0 0 0 0
0 0 0 0 0
0 0 0 0 0
0 0 0 0 0
0 0 0 0 0
0 0 0 0 0
0 0 0 0 0
0 0 0 0 0
0 0 0 0 0
0 0 0 0 0
0 0 0 0 0
0 0 0 0 0
0 0 0 0 0
0 0 0 0 0
0 0 0 0 0
0 0 0 0 0
0 0 0 0 0
0 0 0 0 0
0 0 0 0 0
0 0 0 0 0
0 0 0 0 0
0 0 0 0 0
0 0 0 0 0
0 0 0 0 0
0 0 0 0.00362 0
0 0 0 0 0
0 0 0 0 0
0 0 0 0 0
0 0 0 0 0
0 0 0 0 0
0 0 0 0 0
0 0 0 0 0
0 0 0 0 0
0 0 0 0 0
0 0 0 0 0
0 0 0 0 0
0 0 0 0 0
0 0 0 0 0
0 0 0 0 0
0 0 0 0 0
0 0 0 0 0
0.5893922 0.7072856 0.824355 0.698605 -7.848809
1.212124 0 0 0 -4
0.678706 0 0 0.689864 0
0 0 0 0.550054 0
0 0 0 0 0
2.7053114 2.081123 1.7165816 3.7788468 -1.313714
1.424537 0 1.905219 0 0
0 0 0 0 6.4
0 0 0 0 0
0 0 0 0 0
2.323822 3.624697 1.8607592 1.9745192 -4.555648
0 0 0 2.493506 6.4
0 0 0 0 0
0 0 0 0 0
0 0 0 0 0
3.71197 1.765138 1.441308 3.0851416 6.192079
0.460297 0 0 0 4
2.044024 0 -0.027519 1.321077 -4.4416
0 0 0 0.690288 -4
0.650382 0 0.2667976 0.9694056 0
0 0 0 0 0
0 0 1.251366 2.659278 6.4
1.698796 0 1.164675 1.994354 4
1.021062 0.9482302 0.234292 0.345623 0
0 0 0 0 0
0 0 0 0 0
0 0 0 0 0
1.19356 0 1.065163 0.961747 4
0 0 0 0 0
0 0 0 0 0
0 0 0 0 0
1.329199 0.22687 0 1.4206518 0
0 0 0.641783 0.325548 0
0 0 0 1.376061 0
1.191832 0 0 0 4
0 0 0 1.3480746 -4
0 0 0 0 0
0 0 0 1.195285 0
0 0 0 1.207232 4
1.180006 1.204043 0 0 4
0 0 0 0 0
0 0 0 0 0
2.152876 1.247266 0 0 -4
0.764707 0.907295 0 0 0
0 0 0 0 0
0 0 0 0 0
0 0 0 0 0
0 0.450554 0.30419 0.972221 0
0.653839 0 0 0.885783 0
0.656004 0 0.415717 0 0
1.164664 0 0 0.842212 -4
0 0 0 0.9841334 -4
0 0 0 0 0
0 0 0 0 0
0 0 0 0 -0.52
0.213485 0 0 0 0
0 0 0 0 0
0 0 0 0 0
0 0.134408 0 0 0
2.986712 1.219196 0 1.847093 4
0 0 0 0 0
0 0 0 0 0
0 0 0 0 0
3.059777 0 0 2.64992 0
0 0 0.017939 0 -4
0 0.912948 0 0.2921 4
0.853464 0 0 0 -4
0 0 0 0.342614 0
0 0 0 0 0
0 0 0 0 0
0 0 0 0.489347 7.84
1.173806 0 0.515892 -0.180196 0
0 0 0 0 0
0 0 0 0 0
0 0 0 0 0
0 0 0 0 0
0 0 0 0 0
0 0 0 0 0
0 0 0 0 0
-0.173436 0.416612 0.213263 0 0
0.573349 0 1.731319 0 0
0 0 0 0 -4
0 0.554346 0 0.537055 0
0 0.392299 1.00543 0.380364 -5.44
0 0 0 0 0
0 0 0 0 4
0 0 0 0 0
0 0 0 0.836032 0
0 0 0 0 0
0 0 0 0 0
0 0 0 0 0
1.195849 0.438748 0 0 0
0 0 0 0 0
0 0 0 0 0
0 0 0 0 0
0 0 0 2.628261 4
0.827948 1.227746 1.911176 0.0626446 -6.4
1.038954 0.769641 2.134988 1.050577 -5.2
0.530332 0.921983 0.271193 0.774444 -6.5062144
1.8050206 1.622384 0.989649 1.071682 -0.6095502
0 0 0 0 0
0.467034 0 0.782996 1.135334 0
0 0.55998 0 1.457562 0
0.858924 0.8070852 0.93495 2.0131464 2.152038
0 0 0 0 0
0 0 0 0 0
1.9192694 2.886158 0 0.58527 0
0.691692 2.277356 3.967041 1.8684908 5.7664
0 0 0 0 0
0 0 0 0 0
0 0 0 0 0
3.7986924 2.408454 1.19817 2.610863 -5.3056
0 0 0 0 0
0 0 0 0 0
0 0 0 0 0
0 0 0 2.691262 0
0 0 0 0 0
0 0 0 0 0
0 0 0 -0.019165 0
0 0 0 0 0
0 0 0 0 0
0 0 0 0 0
0 0 0 0 0
0 0 0 0 0
0 0 0 0 0
0 0 0 0 0
0 0 0 0 0
0 0 0 0 0
0 0 0 0 0
0 0 0 0 0
0 0 0 0 0
0 0 0 0 0
0 0 0 0 0
0 0 0 0 0
0 0 0 0 0
0 0 0 0 0
0 0 0 0 0
0 0 0 0 0
0 0 0 0 0
0 0 0 0 0
0 0 0 0 0
0 0 0 0 0
0 0 0 0 0
0 0 0 0 0
0 0 0 0 0
0 0 0 0 0
0 0 0 0 0
0 0 0 0 0
0 0 0 0 0
0 0 0 0 0
0 0 0 0 0
0 0 0 0 0
0 0 0 0 0
0 0 0 0 0
0 0 0 0 0
0 0 0 0 0
0 0 0 0 0
0 0 0 0 0
0 0 0 0 0
0 0 0 0 0
0 0 0 0 0
0 0 0 0 0
0 0 0 0 0
0 0 0 0 0
0 0 0 0 0
0 0 0 0 0
0 0 0 0 0
0 0 0 0 0
0 0 0 0 0
0 0 0 0 0
0 0 0 0 0
0 0 0 0 0
0 0 0 0 0
0 0 0 0 0
0 0 0 0 0
0 0 0 0 0
0.258325 1.0929102 0.978181 1.732737 -9.9845732
1.194023 0 2.335318 0 -4
0 0 0 1.299265 3.168
0 0 0 0.670225 0
0 0 0 0 0
2.0732374 2.872258 1.733167 2.587631 -1.86496
0.097598 1.199962 0 1.174811 -0.48
1.377825 0 0 1.215445 0
0 0 0 0 0
0 0 0 0 0
2.8100602 1.4916192 -0.020304 3.555563 7.75936
0.728105 0.819234 0 0.85485 0
0 0 0 0 0
0 0 0 0 0
0 0 0 0 0
2.1043564 1.554875 1.298968 0.73474 0.819068
0 0 0 0.225827 -4
1.05342 0.674647 0 0.384803 -4
1.112431 0.496215 0 0 0
0 0 0.444569 0.336666 0
0 0 0 0 0
0 1.206244 1.22605 2.005015 6.4
0.221435 0.3635692 0 0.337129 5.92
0 0.654485 0.331593 0.827655 -4
0 0 0 0 0
0 0 0 0 0
0 1.094957 0 0 4.96
0.288517 0 0 0 0
0 0 0 0 0
0 0 0 0 0
0 0 0 0 0
1.635049 2.897287 0 1.195313 -1.6
0.487649 0.209987 0 0 0
0 0 0 1.757313 0
0.503143 0.939601 0 0.84799 0
0 0.410115 0 0.937133 -7.264
0 0 0 0 0
0 0 0 1.627505 6.4
0 0 0.165113 0.621146 0
0.717466 0 0 2.023665 0
0 0 0 0 0
0 0 0 0 0
0 0 0 0 0
0.450791 0 0.266306 1.337294 4
0 0 0 0 0
0 0 0 0 0
0 0 0 0 0
0.703803 0.183098 0 0.422798 0
0 0 0 0 0
0.444705 0 0 0.541464 0
0 0 0.795045 0.485411 -4
0 1.20691 1.26433 0.591307 2.6
0 0 0 0 0
0 0 0 0 0
0 0 0 0 0
0.570026 0 0 0 0
0 0 0 0 0
0 0 0 0 0
0 0 0.394426 0 0
0 0 0 0.330001 -4
0 0 0 0 0
0 0 0 0 0
0 0 0 0 0
0.93109 0 0 0.32797 0
0.405202 0 0 0.398519 0
0.060235 0 0.340878 0 -4
0.416205 0 0 0 -5.44
1.282608 0.64392 0.284097 0.6334936 -4
0 0 0 0 0
0 0 0 0 0
0 0 0 0 4
1.0500974 0 0 2.324845 4
0 0 0 0 0
0 0 0 0 0
0 0 0 0 0
0 0 0 0 -4
0 0 0 0 0
0 0 0 0 0
0 0 0 0 0
0 0 0 0.496619 0
0.6043066 0.728281 0 0.484821 -1.6576
0.729144 0.703914 1.955731 2.490242 4.850791
1.257603 -0.058288 1.434825 2.076813 -1.1328
1.6602944 1.6401856 0.696656 1.160436 -4.8072662
0 0 0 0 0
0 0 0 0 4.272
0.972551 0 0 0 4
1.940798 0 2.3080252 1.5090728 -4.744
0 0 0 0 0
0 0 0 0 0
0 0.50281 0 0 4
1.4663342 -0.09551 0 0 6.4
0 0 0 0 0
0 0 0 0 0
0 0 0 0 0
1.019994 3.891168 3.7816878 2.0496064 3.4979694
0 0 0 0 0
0 0 0 0 0
0 0 0 0 0
0 0 0 0 0
0 0 0 0 0
0 0 0 0 0
0 0 0 0 0
0 0 0 0 0
0 0 0 0 0
0 0 0 0 0
0 0 0 0 0
0 0 0 0 0
0 0 0 0 0
0 0 0 0 0
0 0 0 0 0
0 0 0 0 0
0 0 0 0 0
0 0 0 0 0
0 0 0 0 0
0.608646 0 0 0 0
0 0 0 0 0
0 0 0 0 0
0 0 0 0 0
0 0 0 0 0
0 0 0 0 0
0 0 0 0 0
0 0 0 0 0
0 0 0 0 0
0 0 0 0 0
0 0 0 0 0
0 0 0 0 0
0 0 0 0 0
0 0 0 0 0
0 0 0 0 0
0 0 0 0 0
0 0 0 0 0
0 0 0 0 0
0 0 0 0 0
0 0 0 0 0
0 0 0 0 0
0 0 0 0 0
0 0 0 0 0
0 0 0 0 0
0 0 0 0 4
0 0 0 0 0
0 0 0 0 0
0 0 0 0 0
1.702122 0.679378 0.823978 0 0
0 0 0 0 0
0 0 0 0 0
0 0 0 0 0
0 0 0 0 0
0 0 0 0 0
0 0 0 0 0
0 0 0 0 0
0 0 0 0 0
0 0 0 0 0
0 0 0 0 0
0 0 0 0 0
0 0 0 0 0
0 0 0 0 0
0 0 0 0 0
0 0 0 0 0
0 0.416559 0 0 0
0 0 0 0 0
0 0 0 0 0
0 0 0 0 0
0 0 0 0 0
0 0 0 0 0
0 0 0 0 0
0 0 0 0 0
0 0 0 0 0
0 0 0 0 0
0 0 0 0 0
0 0 0 0 0
0 0 0 0 0
0 0 0 0 0
0 0 0 0 0
0 0 0 0 0
0 0 0 0 0
0.7871838 1.994469 1.3129 1.191086 -9.6015234
2.55254 0 0 0 0
0 0 0 0 0
0 0 0.365944 0 4
0 0 0 0 0
1.8320372 1.460603 0.466697 1.1745644 -3.641399
1.273609 1.185492 0 0 0
0.89878 0 0 0.001647 0
0 0 0 0 0
0 0 0 0 0
1.6441018 1.907006 1.465681 1.111119 -6.582016
0.438357 1.505726 0 0 0
0 0 0 0 0
0 0 0 0 0
0 0 0 0 0
2.4357508 1.643285 2.917913 1.506095 -4.205854
0.382472 0 0 0.253547 0
1.969839 0 0 1.782039 4
0 1.883061 0 0 -4
0 0 1.96861 1.082666 0
0 0 0 0 0
0 -0.021888 0 0 0
0.412855 0 0.836323 1.56304975 4
0 0 0 2.009296 4
0 0 0 0 0
0 0 0 0 0
2.286652 0 0 0 5.44
0.48571 1.528202 0 0 4
0 0 0 0 0
0 0 0 0 0
0 0 0 0 0
0.799965 1.5423558 0 1.2668822 0
0 0 -0.021606 0.042762 -4
0.292482 0 0 0.48176 0
0.085113 0 0 0.594628 0
2.621424 0 0 0.9680992 5.92
0 0 0 0 0
0 0 0 0.457238 0
0 0.270535 0 1.806632 -4
0.481604 0 0 0 0
0 0 0 0 0
0 0 0 0 0
0.299646 0 0 0 5.8
0 0 0 0.997203 0
0 0 0 0 0
0 0 0 0 0
0 0 0 0 0
3.841768 0 0 0.634481 4.96
0 0 0 0 0
0.240853 0 0 0.189465 0
0.399838 0 0 0 0
1.363385 0 0.220807 1.0101304 -6.4
0 0 0 0 0
0 0 0 0 4
0 0 0 0 4
0.886542 0.97781 0 1.03994 0
0 0 0 0 0
0 0 0 0 0
0 0 0 0 0
0 0 0 0 -1.6
0 0 0 0 0
0 0 0 0 0
0 0 0 0 0
1.8252325 0 0 2.7973176 6.472
0.358302 0.2651154 1.554363 0.273239 -7.48
1.0912976 0.353556 0.004997 0.614074 -4.06144
0.652279 1.05275 3.321584 1.717045 -1.4709756
0.4896072 1.227187 1.135829 0.807971 -0.557189
0 0 0 0 0
0.16473 0 0.304287 0 -1.6
0.101587 0 0 1.324701 4
1.271243 0 0.288542 0.914002 2.944
0 0 0 0 0
0 0 0 0 0
0 0 0 0 0
0.558214 0.284449 0.3823558 1.5391406 6.4
0 0 0 0 0
0 0 0 0 0
0 0 0 0 0
3.6267158 1.315041 1.3528844 4.4816378 9.0493254
0 0 0 0 0
0 0 0 0 0
0 0 0 0 0
0 0 0 0 0
0 0 0 0 0
0 0 0 0 0
0 0 0 0 0
0 0 0 0 0
0 0 0 0 0
0 0 0 0 0
0 0 0 0 0
0 0 0 0 0
0 0 0 0 0
0 0 0 0 0
0 0 0 0 0
0.3822268 0.180819 1.235122 0.4423312 4
0 0 0 0 0
0 0 0 0 0
0 0 0 0 0
0 0 0 0 0
0 0 0 0 0
0 0 0 0 0
0 0 0 0 0
0 0 0 0 0
0 0 0 0 0
0 0 0 0 0
0 0 0 0 0
0 0 0 0 0
0 0 0 0 0
0 0 0 0 0
0 0 0 0 0
0 0 0 0 0
0 0 0 0 0
0 0 0 0 0
0 0 0 0 0
0 0 0 0 0
0 0 0 0 0
0 0 0 0 0
0 0 0 0 0
0 0 0 0 0
0 0 0 0 0
0 0 0 0 0
0 0 0 0.250364 0
0 0 0 0 0
0 0 0 0 0
0 0 0 0 0
0 0 0 0 0
0 0 0 0 0
0 0 0 0 0
0 0 0 0 0
0 0 0 0 0
0 0 0 0 0
0 0 0 0 0
0 0 0 0 0
0 0 0 0 0
0 0 0 0 0
0 0 0 0 0
0 0 0 0 0
0 0 0 0 0
0 0 0 0 0
0 0 0 0 0
0 0 0 0 0
0 0 0 0 0
1.60432 0 0 0 -4
0 0 0 0 0
0 0 0 0 0
0 0 0 0 0
0 0 0 0 4
0 0 0 0 0
0 0 0 0 0
0 0 0 0 0
0 0 0 0 0
0 0 0 0 0
0 0 0 0 0
0 0 0 0 0
0 0 0 0 0
0 0 0 0 0
0 0 0 0 0
0 0 0 0 0
0 0 0 1.386739 0
0 0 0 0 0
0 0 0 0 0
0 0 0 0 0
0 0 0 0 0
0 0 0 0 0
0 0 0 0 0
0 0 0 0 0
0 0 0 0 0
0 0 0 0 0
0 0 0 0 0
0 0 0 0 0
0 0 0 0 0
0 0 0 0 0
0 0 0 0 0
0 0 0 0 0
0 0 0 0 0
0.611051 0.6871302 0.792806 1.3954492 -9.881601
0 0 0 0.284631 0
0 0 0 0 4
0.768556 0.386033 0 0.693369 3.776
0 0 0 0 0
2.4553498 1.7366922 0.44714 1.253537 6.3424
0 0 0 0 4
0 0 0 0 0
0 0 0 0 0
0 0 0 0 0
1.932344 0 2.333436 1.19997 4
0 0 0 0 0
0 0 0 0 0
0 0 0 0 0
0 0 0 0 0
1.4623618 0 0.400149 2.43321 1.862134
0 0 0 0.507092 4
0.306692 0 0 0 0
1.22102 0 0 0 0
0 2.439764 0.348286 0.223337 0
0 0 0 0 0
0 0 0 0 0
-0.017197 0 0 0 0
0.349076 0 0 0.1067 -4
0 0 0 0 0
0 0 0 0 0
0 1.454852 0.773402 1.660866 -4
0 0 0 2.39497 4
0 0 0 0 0
0 0 0 0 0
0 0 0 0 0
2.3062376 1.096122 1.20020233333333 1.8303646 -4
0 0.120474 -0.083612 0 0
0.102415 0 0 0.933043 0
0.605438 0 0 0 -1.6
0.171787 0.40975 1.181795 0.149266 -6.4
0 0 0 0 0
0 0.349814 0 0 0
0 0.337561 0 0 0
1.52094 0 0 0 0
0 0 0 0 0
0 0 0 0 0
0 0 0 0 0
1.190228 0.147022 0 1.207697 0
0 0 0 0 0
0 0 0 0 0
0 0 0 0 0
1.2517342 0.995015 2.2157202 1.4575936 6.4
0.544605 0.348068 -0.827121 0.928899 -2.272
-0.317191 0.375439 0.098388 -0.49632 -6.4
0.371121 0.285847 0 1.081408 -1.096
0.9434858 0.878711 -0.331314 1.263317 -6.080103
0 0 0 0 0
0.039451 0.059457 0 0.442174 0
0 0 0 0 0
2.969425 1.421533 1.7935348 2.941272 3.304039
0 0 0 0 0
0 0 0 0 0
0 0 0 0 6.4
1.267897 0 1.188143 0.336679 2.2784
0 0 0 0 0
0 0 0 0 0
0 0 0 0 0
2.490819 0.454185 2.1754954 1.898048 1.8735232
0 0 0 0 0
0 0 0 0 0
0 0 0 0 0
0 0 0 0 0
0 0 0 0 0
0 0 0 0 0
0 0 0 0 0
0 0 0 0 0
0 0 0 0 0
0 0 0 0 0
0 0 0 0 0
0 0 0 0 -4
0 0 0 0 0
0 0 0 0 0
0 0 0 0 0
0.194144 2.538103 1.9722912 2.479202 4
0 0 0 0 0
0 0 0 0 0
0 0 0 0 0
0 0 0 0 0
0 0 0 0 0
0 0 0 0 0
0 0 0 0 0
0 0 0 0 0
0 0 0 0 0
0 0 0 0 0
0.315664 0 0 1.477029 0
0 0 0 0 0
0 0 0 0 0
0 0 0 0 0
0 0 0 0 0
0 0 0 0 0
0 0 0 0 0
0 0 0 0 0
0 0 0 0 0
0 0 0 0 0
0 0 0 0 0
0 0 0 0 0
0 0 0 0 0
-0.014955 0 0 0 0
0 0 0 0 0
0 0 0 0 0
0.664237 0 0 0 0
0 0 0 0 0
0 0 0 0 0
0 0 0 0 0
0 0 0 0 0
-0.130659 0 0 0 0
0 0 0 0 0
0 0 0 0 0
0 0 0 0 0
0 0 0 0 0
0 0 0 0 0
0 0 0 0 0
0 0 0 0 0
0 0 0 0 0
0 0 0 0 0
0 0 0 0 0
0 0 0 0 0
0 0 0 0 0
0 0 0 0 0
0 0 0 0 0
0 0 0 0 0
1.513782 0 0 0 4
0 0 0 0 0
0 0 0 0 0
0 0 0 0 0
0 0 0 0 0
0 0 0 0 0
0 0 0 0 0
0 0 0 0 0
0 0 0 0 0
0 0 0 0 0
0 0 0 0 0
0 0 0 0 0
0 0 0 0 0
0 0 0 0 0
0 0 0 0 0
0 0 0 0 0
0 0 0 0 0
0 0 0 0 0
0 0 0 0 0
0 0 0 0 0
0 0 0 0 0
0 0 0 0 0
0 0 0 0 0
0 0 0 0 0
0 0 0 0 0
0 0 0 0 0
0 0 0 0 0
0 0 0 0 0
0 0 0 0 0
0 0 0 0 0
0 0 0 0 0
0 0 0 0 0
0 0 0 0 0
0 0 0 1.464676 0
0 0 0 0 0
0 0 0 0 0
0 0 0 0 0
0 0 0 0 0
0 0 0 0 0
0 0 0 0 0
0 0 0 0 0
0 0 0 0 0
0 0 0 0 0
0 0 0 0 0
0 0 0 0 0
0 0 0 0 0
0 0 0 0 0
0 0 0 0 0
0 0 0 0 0
2.314104 0.8966964 0.533947 1.040619 -2.2913984
0 0 1.471907 0 -4
0 0 0 0 0
0.428052 0 0.268594 0.470628 -4
0 0 0 0 0
1.876034 0 1.83344 1.679687 4
1.2289688 0 0 0.771749 4
-0.048169 0 0 1.193573 0
0 0 0 0 0
0 0 0 0 0
1.2213006 0 2.276995 1.4099548 5.824
0 0 0 0 0
0 0 0 0 0
0 0 0 0 0
0 0 0 0 0
1.136426 1.843553 0.615179 2.204207 4.48
0 0 0 0.799124 4
0 0 0 0 0
0 0 0 0.517971 0
0.7401878 0.780237 0.732286 0.6810424 0
0 0 0 0 0
0 0 0.91151 0 -4
0 0 0 0.456225 0
0 0 0 0.328989 0
0 0 0 0 0
0 0 0 0 0
0 0 1.29659 0 0
1.30523 0 0.559925 0 0
0 0 0 0 0
0 0 0 0 0
0 0 0 0 0
2.175719 0.146238 0 0 -1.6
1.840038 0 0 0.812355 -0.5056
1.250013 0 0 0 1.6
0.173427 0 0.184451 0 -5.92
0.3150328 0.689103 0.426737 0.0655248 -9.647099
0 0 0 0 0
0 0 0 0 0
0.318186 0 0 0.921044 4
1.5059254 0.6530364 0.6966084 0.626468 1.6
0 0 0 0 0
0 0 0 0 0
1.79324 0 0 0 6.4
0.504078 0 0 2.356231 6.4
0 0 0 0 0
0 0 0 0 0
0 0 0 0 0
0.678523 2.080363 1.4505922 1.711949 8.178688
0 0 0 0 0
0 0 0 0 0
0 0 0 0 0
0 0 0 0 0
0 0 0 0 0
0 0 0 0 0
0 0 0 0 0
0 0 0 0 0
0 0 0 0 0
0 0 0 0 0
0 0 0 0 0
0 0 0 0 0
0 0 0 0 0
0 0 0 0 0
0 0 0 0 0
2.6201832 0.459884 0 0.498678 0
0 0 0 0 0
0 0 0 0 0
0 0 0 0 0
0 0 0 0 0
0 0 0 0 0
0 0 0 0 0
0 0 0 0 0
0 0 0 0 0
0 0 0 0 0
0 0 0 0 0
0 0 0 0 0
0 0 0 0 0
0 0 0 0 0
0 0 0 0 0
0 0 0 0 0
0 0 0 0 0
0 0 0 0 0
0 0 0 0 0
0 0 0 0 0
0 0 0 0 0
0 0 0 0 0
0 0 0 0 0
0 0 0 0 0
0 0 0 0 0
0 0 0 0 0
0 0 0 0 0
0 0 0 0 0
0 0 0 0 0
0 0 0 0 0
0 0 0 0 0
0 0 0 0 0
0 0 0 0 4
0 0 0 0 0
0 0 0 0 0
0 0 0 0 0
0 0 0 0 0
0 0 0 0 0
0 0 0 0 0
0 0 0 0 0
0 0 0 0 0
0 0 0 0 0
0 0 0 0 0
0 0 0 0 0
0 0 0 0 0
0 0 0 0 0
0 0 0 0 0
0 0 0 0 0
0 0 0 0 0
0 0 0 0 0
0 0 0 0 0
0 0 0 0 0
0 0 0 0 0
0 0 0 0 0
0 0 0 0 0
0 0 0 0 0
0 0 0 0 0
0 0 0 0 0
0 0 0 0 0
0 0 0 0 0
0 0 0 0 0
0 0 0 0 0
0 0 0 0 0
0 0 0 0 0
0 0 0 0 -6.4
0 0 0 0 0
0 0 0 0 0
0 0 0 0 0
0 0 0 0 0
0 0 0 0 0
0 0 0 0 0
0 0 0 0 0
0 0 0 0 0
0 0 0 0 0
0 0 0 0 0
0 0 0 0 0
0 0 0 0 0
0 0 0 0 0
0 0 0 0 0
0 0 0 0 0
0 0 0 0 0
0 0 0 0 0
0 0 0 0 0
0 0 0 0 0
0 0 0 0 0
0 0 0 0 0
0 0 0 0 0
0 0 0 0 0
0 0 0 0 0
0 0 0 0 0
0 0 0 0 0
0 0 0 0 0
0 0 0 0 0
0 0 0 0 0
0 0 0 0 0
0 0 0 0 0
0 0 0 0 0
0 0 0 0 0
0 0 0 0 0
0 0 0 0 0
0 0 0 0 0
0 0 0 0 0
2.273868 0 0 0 0
0 0 0 0 0
0 0 0 0 0
0 0 0 0 0
0 0 0 0 0
0 0 0 0 0
0 0 0 0 0
0 0 0 0 0
0 0 0 0 0
0 0 0 0 0
0 0 0 0 0
1.036077 0.0541052 1.244174 0.817263 -9.27424
0 0 0 0 0
0 0 0 0.512694 0
0.184063 0 0 0.355391 -4
0 0 0 0 0
0.549141 0 2.734187 1.7252604 4
0 0 0 0.824127 0
0 0 0 0 0
0 0 0 0 0
0 0 0 0 0
1.798147 2.563513 1.144036 0 8.8336
1.110231 0 0 0 4
0 0 0 0 0
0 0 0 0 0
0 0 0 0 0
3.671075 0.283333 0.02393 2.0547318 8.061184
0.545827 0.579878 0 0.538775 -5.8
0.049442 0.592736 0 0.142884 0
0.627193 0 0 0.102685 -4
0.2647484 0.401678 -0.508738 0.5427466 1.00181
0 0 0 0 0
0.261209 0 0 1.079905 -1.6
-0.069793 0 1.354871 0 0
0.933033 1.190333 0.418637 3.101842 1.76
0 0 0 0 0
0 0 0 0 0
2.025312 0 0 3.309168 6.4
2.174739 1.930062 0 2.456119 4.12
0 0 0 0 0
0 0 0 0 0
0 0 0 0 0
2.67928 1.767235 2.875116 2.550303 5.896
0 0 0 0 0
0 0 0 0 0
0 0 0 0 0
0 0 0 0 0
0 0 0 0 0
0 0 0 0 0
0 0 0 0 0
0 0 0 0 0
0 0 0 0 0
0 0 0 0 0
0 0 0 0 0
0 0 0 0 0
0 0 0 0 0
0 0 0 0 0
0 0 0 0 0
1.872935 1.196845 0 1.760131 4
0 0 0 0 0
0 0 0 0 0
0 0 0 0 0
0 0 0 0 0
0 0 0 0 0
0 0 0 0 0
0 0 0 0 0
0 0 0 0 0
0 0 0 0 0
0 0 0 0 0
0 0 0 0 0
0 0 0 -0.01344 0
0 0 0 0 0
0 0 0 0 0
0 0 0 0 0
3.033485 0.348171 0 0 0
0 0 0 0 0
0 0 0 0 0
0 0 0 0 0
0 0 0 0 0
0 0 0 0 0
0 0 0 0 0
0 0 0 0 0
0 0 0 0 0
0 0 0 0 0
0 0 0 0 0
0 0 0 0 0
0 0 0 0 0
0 0 0 0 0
0 0 0 0 0
0 0 0 0 0
3.366343 0 1.146391 2.497605 0
0 0 0 0 -4
0 0 0 0 0
0 0 0 0 0
0 0 0 0 0
0 0 0 0 0
0 0 0 0 0
0 0 0 0 0
0 0 0 0 0
0 0 0 0 0
0 0 0 0 0
0 0 0 0 0
0 0 0 0.41725 0
0 0 0 0 0
0 0 0 0 0
0 0 0 0 0
1.66887 0 -0.045621 1.88859 6.4
0 0 0 0 0
0 0 0 0 0
0 0 0 0 0
0 0 0 0 0
0 0 0 0 0
0 0 0 0 0
0 0 0 0 0
0 0 0 0 0
0 0 0 0 0
0 0 0 0 0
0 0 0 0 0
0 0 0 0 0
0 0 0 0 0
0 0 0 0 0
0 0 0 0 0
1.186571 0 0 0 0
0 0 0 0 0
0 0 0 0 0
0 0 0 0 0
0 0 0 0 0
0 0 0 0 0
0 0 0 0 0
0 0 0 0 0
0 0 0 0 0
0 0 0 0 0
0 0 0 0 0
0 0 0 0 0
0 0 0 0 0
0 0 0 0 0
0 0 0 0 0
0 0 0 0 0
0 0 0 0 0
0 0 0 0 0
0 0 0 0 0
0 0 0 0 0
-0.099174 0 0 0 0
0 0 0 0 0
0 0 0 0 0
0 0 0 0 0
0 0 0 0 0
0 0 0 0 0
0 0 0 0 0
0 0 0 0 0
0 0 0 0 0
0 0 0 0 0
0 0 0 0 0
0 0 0 0 0
0 0 0 0 0
0 0 0 0 0
0 0 0 -0.362106 0
0 0 0 0 0
0 0 0 0 0
0 0 0 0 0
0 0 0 0 0
0 0 0 0 0
0 0 0 0 0
0 0 0 0 0
0 0 0 0 0
0 0 0 0 0
0 0 0 0 0
0 0 0 0 0
0 0 0 0 0
0 0 0 0 0
0 0 0 0 0
0 0 0 0 0
0 0 0 0 0
0 0 0 0 0
0 0 0 0 0
0 0 0 0 0
0 0 0 0 0
0 0 0 0 0
0 0 0 0 0
0 0 0 0 0
0 0 0 0 0
0 0 0 0 0
0 0 0 0 0
0 0 0 0 0
0 0 0 0 0
0 0 0 0 0
0 0 0 0 0
0.353363 2.1233222 0.422369 1.230242 -3.6152002
0.851229 0.868318 0 0.302013 6.1696
1.799657 1.323194 1.028144 1.367812 4.4224
0.6243294 0.3083836 0.4421098 1.369269 -9.327129
0 0 0 0 0
0.954628 2.137937 1.395871 2.9376 8.825249
1.94204 2.562391 0 0.773401 0
0.702675 1.465997 0.616808 0.4205802 2.272
0 0 0 0 0
0 0 0 0 0
2.044809 2.406316 2.8319738 3.670016 3.071233
0.718394 0.759187 2.9559816 2.63352 7.4944
0 0 0 0 0
0 0 0 0 0
0 0 0 0 0
0.582412 3.719338 1.880098 2.755559 7.4191754
