0.995629 0.7233656 1.5881526 0.9869222 -1.6083674
0.503655 0.8654712 0 1.0614098 0
1.157441 0.7243288 0.922746 0.72355 -4
0.9799864 0 0 1.538432 4
0.306396 0 0 0 0
2.360244 3.7075656 4.077595 2.6193758 0.897481
1.096824 1.763974 0.326434 0.728923 -2.96
1.614147 2.2508422 0 1.540444 5.2
0.787901 0.865775 0.697041 0.504352 -5.728
0 0 0 0 0
3.2916406 3.475495 0.966843 3.6238738 -3.795198
2.089132 0.97758 2.517626 1.211659 -6.4
4.6282846 3.6453992 2.11123 2.6146452 3.1490718
0 0 0 0 0
0 0 0 0 0
4.4085694 4.5328918 3.676361 4.3472588 9.495786
1.195938 0 0.797878 1.9413002 -4
1.161054 1.580866 0.9575474 1.3749182 -3.04
0.5771664 0.806607 1.0326216 1.754727 0
1.7425294 0.953053 4.308255 1.615009 -4
0.676261 0 0 0 0
2.714903 0.625196 0 1.034117 -4
0.88108 0.531575 0.903788 0.577593 0
3.357353 2.2374372 2.375562 1.9932916 5.7664
0.63547 0.8144808 0 2.685866 0.3584
0 0 0 1.46021 0
2.658253 2.0763486 0 1.292801 5.35296
2.586318 0.734909 1.777074 1.335295 -1.6
2.643906 3.271801 3.25108 3.639732 2.4157184
0 0 0 0 0
0 0 0 0 0
5.16244 3.409042 1.207805 3.3895256 6.976
0.7795842 1.036774 0.374362 2.291503 -4.48
0.817057 1.36547 1.938539 1.01214 0
0.660609 0 0.60154 1.6573718 -1.6256
1.777623 2.348958 1.419573 1.0984982 -7.552
0 0 0 2.881984 0
1.877596 0 0 1.702294 -4.96
0.888659 0.368686 0.42884 0.9098922 -4
1.9026302 0 0 2.5690518 6.4
2.8807346 1.9980928 2.530607 2.832499 3.67872
0 0 0 0 0
0 0.846929 0 3.6737106 -4
1.7705598 2.672556 1.187633 1.533598 4
0.937034 1.2404766 1.451689 1.2183162 -1.6576
0 0 0 0 0
0 0 0 0 0
2.341898 1.415473 2.0545348 2.075735 6.4
0.302163 1.232563 0 0.9421456 -4
0.376924 0 0 0.9247474 0.736
1.2018668 0.9180836 1.5290444 2.103389 -4
0.700304 0.602272 0 1.4756666 0
0 0 0 0 0
1.153553 0 0 0 0
0.410035 0.460524 0.349771 1.364597 0
0.144753 0 0 1.85065 0
0.76357 0 0.767993 0.7294878 0
0 0 0 0 0
0 0.699218 0.70766 0.647485 0
2.672598 0.578145 2.383353 0.971985 7.84
0.8806372 0.605247 1.2605348 1.3742038 -4
0 0 0 0 0
0 0 0 0 0
3.732168 1.161346 0 2.531196 -6.4
0.5915418 0.643706 0 2.091699 -4
0.38209 0 0 1.0491304 -9.720064
0.685919 1.405408 0.617982 1.036997 -4
0.474115 0 0.462615 1.059815 0.16
0 0 0 0 0
0.371104 0.566785 0 0.915278 0
1.544296 0 0.475922 0.542934 4
1.305438 0 0.492465 1.9288206 4
0 0 0 0 0
0 0 0 0 0
1.917305 0.9695626 0 2.6293166 0
1.7171878 1.064731 0 1.580874 0
1.996597 0 0 1.3654284 6.4
0 0 0 0 0
0 0 0 0 0
0.873521 3.25122 1.1298204 3.212098 8.883712
0.561146 1.068912 0 0 -5.2
0.470426 0.263649 0 0.2816136 -6.4
0.890122 0.573121 0 1.461759 3.296
0 0.208491 0.434202 0 0
0 0 0 0 0
0.496918 1.898825 0 0 4
0.292345 0 0 0.933441 4
3.065951 0 1.029749 1.9114478 5.44
0 0 0 0 0
0 0 0 0 0
0 0 0 0.730612 0
0 0 1.299524 0 7.84
0.042251 0 0 0.047168 0
0 0 0 0 0
0 0 0 0 0
0.948455 0.547528 0.505915 3.7232278 -4
0.449634 0.072552 0.151899 1.073025 0
0 0.34761 0 0.397088 4
1.123798 1.021399 0.727253 1.561273 -6.976
1.057267 0.894643 0.328843 0.6249026 0
0 0 0 0 0
0.238482 0 0 0.242238 0
0.493606 0.125708 0 0 -4
0 0.388113 0 0.529684 0
0 0 0 0 0
0 0 0 0 0
0 0 0 1.165466 0
0.3279608 0 0.3495 0.394662 0
0 0 0 0 0
0 0 0 0 0
0 0 0 0 0
1.1754205 1.516989 0.546318 1.1698592 2.88
0 0.5521374 0.465626 0 4
0.204387 0.499322 1.056747 0.329845 0
0.938184 0.585523 0 2.336925 -5.44
1.2027196 0 0.568465 0 0.64
0 0 0 0 0
1.834107 0 0 0.225873 4
0 1.205502 0 0 0
0 0 1.990548 1.61981 6.4
0 0 0 0 0
0 0 0 0 0
0 0 0 0 0
0.857959 0 0 2.326553 0
0 0 0 0 0
0 0 0 0 0
0 0 0 0 0
1.132928 0 3.510878 2.982684 -1.6
0 1.201045 1.395132 0.342282 0
0.155797 0.309922 0 0.282864 -1.184
0.828169 0 0.118902 1.355473 -4
0.2927464 0 0 0.994965 -6.4
0 0 0 0 0
0.741705 0 0 0.168703 0
0 0 0 0 4
1.105152 2.2789906 1.206814 0 7.552
0 0 0 0 0
0 0 0 0 0
0 0 0.042762 1.151183 0
0.278253 0.94589 0 0.518108 0
0 0 0 0 0
0 0 0 0 0
0 0 0 0 0
0.767456 0.826426 0 0.9084608 0
0.2445322 0.142712 0.664128 0.92249 2.464
1.8199 0.207638 0.894821 2.325206 0.8728978
0.553712 0.869381 0.8494228 0.557839 -5.5544008
0.9085634 1.480651 0.8719462 0.68505 -4.503281
0 0 0 0 0
1.322492 0 0.537471 0.4921916 -4
0.102251 3.558719 0 2.309813 3.478107
1.6325364 1.67234 0.874086 1.3204328 5.208832
0 0 0 0 0
0 0 0 0 0
0.5194934 0.729599 2.083828 3.7881656 9.787249
1.7892562 1.810807 0.791198 2.778378 8.4739684
0 0 0 0 0
0 0 0 0 0
0 0 0 0 0
2.2299174 3.84222 3.690329 3.2383088 0.3365502
0 0 0 0 0
0 0 0 0 0
0 0 0 0 0
0 0 0 0 0
0 0 0 0 0
0 0 0 0 0
0 0 0 0 0
0 0 0 0 0
0 0 0 0 0
0 0 0 0 0
0 0 0 0 0
0 0 0 0 0
0 0 0 0 0
0 0 0 0 0
0 0 0 0 0
0 0 0 0 0
1.2916488 1.869905 2.5771484 1.389465 2.3849634
0 0.601671 0 1.407509 0
0.527599 1.6364522 1.351264 1.5647256 0
0 0.344183 0 0 0
0 0 0 0 0
2.1693982 3.411094 2.9213068 1.688894 -4.9143388
0 1.193518 0.878348 0.36247 -4
0.645382 1.7573656 2.350542 1.0708044 -1.6
0 0 0 0 0
0 0 0 0 0
1.589741 2.0706274 1.954676 1.852266 -0.3379504
1.413686 0.641282 0 1.281268 -6.4
0 0 0 0 0
0 0 0 0 0
0 0 0 0 0
1.7054048 1.9454472 3.038834 2.8061632 1.477249
0 1.0805692 0.729163 1.0687284 0
0.491363 1.316797 0.382313 0.63508 -6.4
2.6756792 0.698423 1.382917 1.511509 -6.976
2.280966 1.0924868 0 0.6605398 0
0 0 0 0 0
1.749591 0.669605 1.310499 1.0193806 0
0.692387 0 0.708059 0.525962 4.48
1.675084 1.203666 0 0.327523 0
0 0 0 0 0
0 0 0 0 0
0 0 0 1.790418 4
0.908811 0.916694 0.842814 3.2683806 -4
0 0 0 0 0
0 0 0 0 0
0 0 0 0 0
1.9290762 2.915273 1.367296 1.5984206 5.824
0.308466 0.5629922 0 2.366822 -6.4
1.475407 1.400097 0.371147 1.18854 4
1.0914178 2.3043022 0.4423524 0.468701 -1.6
0.4453558 1.010853 0 1.924291 -4
0 0 0 0 0
0.828678 0.616273 0.624907 0.617903 4.288
0 1.0287912 0 0.45331 0
3.757027 2.046303 0 1.647648 -2.272
0 0 0 0 0
0 0 0 0 0
0 1.126884 0 0 4
1.4641688 0 0 1.404645 0
0 0 0 0 0
0 0 0 0 0
0 0 0 0 0
1.709677 1.8356 3.1281854 2.657276 5.44
0.500789 0 0 0 -7.84
0.980343 0.8538014 0 0.347533 -4.288
0.788198 0.296439 0.281786 1.178738 -4
1.691599 0 0 0 -3.04
0 0 0 0 0
0 0.668186 0 0.42653 -4
0.896315 0 0.490381 0.76135 0
0 0.7308574 0.685263 2.595686 4
0 0 0 0 0
0 0 0 0 0
0.705347 0 0 0 0
0.96508 1.868105 0 2.428115 -4
0 0 0 0 0
0 0 0 0 0
0 0 0 0 0
1.329821 0.532197 1.120597 2.040103 2.176
0 0.579178 0 0 0
0.833629 0 0 0.716742 0
0.550615 0.332274 3.236998 0.8274078 -4.131584
1.1850864 0 0 0 -4
0 0 0 0 0
0 0 0 0.410268 0
0.445829 0.472494 0 0 4
0.796357 0 0 0.276644 0
0 0 0 0 0
0 0 0 0 0
1.2334574 0 0 0 0
0 0.698323 0 1.827926 0
0 0 0 0 0
0 0 0 0 0
0 0 0 0 0
2.962729 1.8314578 0.685858 2.9975604 4
0.95876 0.217517 0.852782 1.6164036 0
0.2827694 0.19047 0.32025 0.208383 4
0 0 0 0.159804 -4
0.762009 0 0 1.395471 6.4
0 0 0 0 0
0 0 0 0.444277 4
0 0 0.391353 0 0
1.155868 0.689936 0 0 0
0 0 0 0 0
0 0 0 0 0
0 0 0 0 0
0 0 0 1.384184 0
0 0 0 0 0
0 0 0 0 0
0 0 0 0 0
1.1510916 0.540353 0 0.484701 0
0 0 0 0.347456 0
0.7700352 0 0 0.483543 0
0.922304 0.2452502 0 0.743911 0
0 0 0.948081 1.091217 0
0 0 0 0 0
0.491939 0 1.64224 0.634595 0
0.051831 0 0 0.256604 4
1.684545 0 0 0.2955708 4
0 0 0 0 0
0 0 0 0 0
0 0 0 0 4
0 0 0 0.476848 4
0 0 0 0 0
0 0 0 0 0
0 0 0 0 0
1.608615 1.365665 0.493083 1.627565 4
0.568575 0 0 -0.008233 0
0.363817 0 0 0.7062176 -4
0.597423 0.155733 0 2.460531 -7.84
0.970242 0.571154 0.166499 0.5384456 -6.4
0 0 0 0 0
0.252236 0.224089 0 1.565025 -1.76
0 0 0 0.22783 0
0.593944 0 0 0.829413 4
0 0 0 0 0
0 0 0 0 0
0 0 0 0 0
0.3764158 0.704117 0 1.141962 0
0 0 0 0 0
0 0 0 0 0
0 0 0 0 0
1.575481 0 1.137596 0 -4
0.644691 0.487271 0 0.216052 -7.264
0.310834 1.305115 0.697153 1.1926132 3.637512
1.789464 3.2546164 0.273961 1.653953 9.023335
1.751982 2.037826 3.163269 1.6146442 -0.44752
0 0 0 0 0
0 0.747336 1.918201 1.777157 0
1.201873 0.689392 0.203346 1.869569 0
1.1906728 1.0823502 2.281143 1.165022 -1.193298
0 0 0 0 0
0 0 0 0 0
0 0 0.550369 0 4
1.406281 1.488 1.268492 2.1389166 7.999805
0 0 0 0 0
0 0 0 0 0
0 0 0 0 0
2.3985312 3.805084 2.4071828 3.2193774 7.395328
0 0 0 0 0
0 0 0 0 0
0 0 0 0 0
0 0 0 0 0
0 0 0 0 0
0 0 0 0 0
0 0 0 0 0
0 0 0 0 0
0 0 0 0 0
0 0 0 0 0
0 0 0 0 0
0 0 0 0 0
0 0 0 0 0
0 0 0 0 0
0 0 0 0 0
0 0 0 0 0
0 0 0 0 0
0 0 0 0 0
0 0 0 0 0
0 0 0 0 0
0 0 0 0 0
0 0 0 0 0
0 0 0 0 0
0 0 0 0 0
0 0 0 0 0
0 0 0 0 0
0 0 0 0 0
0 0 0 0 0
0 0 0 0 0
0 0 0 0 0
0 0 0 0 0
0 0 0 0 0
1.848329 1.3727512 2.1603734 1.4018444 -1.8074232
0 0.84573 0 1.243178 -4
0.312047 0 0 0 0
0 0.299114 0 0 0
0 0 0 0 0
2.0067474 1.743587 2.626397 3.2823316 9.471233
0 0 0 1.925918 0
0 0 0 0 0
0 0 0 0 0
0 0 0 0 0
4.235866 2.353757 1.927198 2.831817 4.671233
0.963258 2.023634 2.305476 1.680175 0
0 0 0 0 0
0 0 0 0 0
0 0 0 0 0
2.6227266 2.5431482 3.6485106 3.768421 9.971964
3.480105 0.330219 0 1.006988 4
0 0.593752 0.780855 0.381742 -5.6
0.995284 0.559927 0 0.86597 -1.6
0.598565 0 0 0 -4
0 0 0 0 0
1.122286 1.215026 0 0.843996 6.4
2.055367 0.726982 0 0.099726 -4
0 0 0 0.476719 -4
0 0 0 0 0
0 0 0 0 0
2.533477 1.736954 0 2.093646 5.92
1.190651 0 0 1.568538 0
0 0 0 0 0
0 0 0 0 0
0 0 0 0 0
1.7150186 0.9498046 1.16093175 3.103148 4.768
1.084418 0 1.058357 0.875852 0
0.413576 0 0 0 -4
0.240726 0 0 0.280483 -6.4
0.184756 1.445587 0 0.235904 4.9856
0 0 0 0 0
1.592824 0 1.374182 1.199746 6.4
0 0 0 1.193822 4
1.1461288 0.373947 0 0.248212 1.6
0 0 0 0 0
0 0 0 0 0
0 1.244225 0 1.196525 0
0.7545804 1.302863 0 0.839129 0
0 0 0 0 0
0 0 0 0 0
0 0 0 0 0
0.97126475 1.323572 1.888518 0.8556452 0
0 1.131166 0 1.127541 -4
0 0.333232 0 1.2947952 6.4
0 0 1.084786 0 -5.088
0.342347 0 0 0 0
0 0 0 0 0
0 0 0 0 0
0 0 0 0 0
0 0 0 0.180952 1.6
0 0 0 0 0
0 0 0 0 0
0 0 0 0.197048 4
0 0 0 0.407128 0
0 0 0 0 0
0 0 0 0 0
0 0 0 0 0
1.063798 0 0 3.4924876 7.84
0 0 0 0 0
0 0 1.1265602 0.794752 -4
0.125402 0.8598512 0 0 -4
0.113739 0.151246 0 0 1.6
0 0 0 0 0
0 0 0 0.235688 0
0 0 0 0.496984 -1.6
0.224674 0 0 0 0
0 0 0 0 0
0 0 0 0 0
0 0.40723 0 1.995214 0
1.484728 0 0 0 0
0 0 0 0 0
0 0 0 0 0
0 0 0 0 0
1.209148 2.6249782 0 0.850376 4
2.046885 0.383367 0 0 0
0.20676 0 0.308364 0.298206 1.6
1.215699 1.69709 0 0 0
0.394549 1.195833 1.11774 2.3502454 -4
0 0 0 0 0
0 0 0 0.898836 0
0.850436 0 0.170848 0.336396 0
0.5112214 0 0 0 -4
0 0 0 0 0
0 0 0 0 0
0 0 0 0 0
0 0 0 0 0
0 0 0 0 0
0 0 0 0 0
0 0 0 0 0
0 0 0 1.305633 0
1.142312 0 0.908442 0.169528 -4.48
0 0 0.566749 0.988394 -4
0.6978094 0.9139514 0 1.883014 4
0.213986 0 1.985635 0.661192 -5.8
0 0 0 0 0
0 0 0 0 0
0 0 0.816562 0 0
0 0 0.996981 0.475943 0
0 0 0 0 0
0 0 0 0 0
0 2.28301 0 0 0
0 0 0 0 0
0 0 0 0 0
0 0 0 0 0
0 0 0 0 0
2.483026 0 0 1.203968 0
-0.217467 0.995725 0.39883 0.7931546 6.4
0.668933 0.502124 0.224295 0.4356402 -1.168986
1.162183 0.4757618 0.314324 2.1001144 -4.831977
2.78394 1.572885 1.295687 2.479557 6.3424
0 0 0 0 0
0.957168 0 0.394964 1.316547 -0.416
2.521396 0 0 2.409626 2.2784
2.1991774 0.1459228 0.9984252 0.993169 1.533441
0 0 0 0 0
0 0 0 0 0
0 0 0 0.712181 4
1.694197 1.225871 0.494706 1.0464196 -4
0 0 0 0 0
0 0 0 0 0
0 0 0 0 0
3.1626848 0.31112 1.5222488 2.1222706 5.3043648
0 0 0 0 0
0 0 0 0 0
0 0 0 0 0
0 0 0 0 0
0 0 0 0 0
0 0 0 0 0
0 0 0 0 0
0 0 0 0 0
0 0 0 0 0
0 0 0 0 0
0 0 0 0 0
0 0 0 0 0
0 0 0 0 0
0 0 0 0 0
0 0 0 0 0
2.124514 0 0 0 0
0 0 0 0 0
0 0 0 0 0
0 0 0 0 0
0 0 0 0 0
0 0 0 0 0
0 0 0 0 0
0 0 0 0 0
0 0 0 0 0
0 0 0 0 0
0 0 0 0 0
0 0 0 0 0
0 0 0 0 0
0 0 0 0 0
0 0 0 0 0
0 0 0 0 0
0 0 0 0 0
0 0 0 0 0
0 0 0 0 0
0 0 0 0 0
0 0 0 0 0
0 0 0 0 0
0 0 0 0 0
0 0 0 0 0
0 0 0 0 0
0 0 0 0 0
0 0 0 0 0
0 0 0 0 0
0 0 0 0 0
0 0 0 0 0
0 0 0 0 0
0 0 0 0 0
0.022476 0 0 0 0
2.507352 1.6105044 1.6632478 1.7255248 -4.115774
0.973031 0 0 0 -4
0 0 0 0.495488 -4
0.314098 1.55959 0.377818 0.760556 0
0 0 0 0 0
2.2266984 1.8644328 1.4271132 1.6765084 0.4429496
0.495289 0.471309 0 0 4
0 0 0 2.750978 0
0 0 0 0 0
0 0 0 0 0
4.015548 1.942438 3.2316874 2.971844 8.330752
0 0 0 0.801543 0
0 0 0 0 0
0 0 0 0 0
0 0 0 0 0
2.5658426 3.267844 3.6473166 3.1679674 6.976
0.8084324 1.987525 0 0 4
0.544184 0.618217 0 1.656344 0
0 0.466405 0.595937 0.204089 -4
0.4009674 0 0 0.6399346 -2.88
0 0 0 0 0
2.91955 0.170421 1.191054 3.429564 0
1.619787 0.152322 0 0.698023 -6.4
0 0 1.28883 0 0
0 0 0 0 0
0 0 0 0 0
0.199385 1.0563192 0 1.469669 4
1.219551 1.182412 3.882148 1.631631 4.48
0 0 0 0 0
0 0 0 0 0
0 0 0 0 0
1.9855918 1.500947 0 4.179437 6.4
0 0 0 0 1.6
0.652268 0 0 0 0
0.60057 0 0 0.591715 0
0 1.3251528 0 1.492549 4
0 0 0 0 0
0 0 0 1.209148 4
0.311817 0 0 0 4
0 0 0.670291 -0.083929 4
0 0 0 0 0
0 0 0 0 0
0 0 0 0.042479 0
0 0 0 0 0
0 0 0 0 0
0 0 0 0 0
0 0 0 0 0
1.563491 0 2.049847 1.916776 0
0 0.536796 0 0.214685 0
0 0 0 0.033372 0
0 0 0 0 -4
0 0.29543 1.172947 0.66257 0
0 0 0 0 0
0 0.274414 0 0 4
0 0 0 0 -4
0 0 1.808174 0.79533 0
0 0 0 0 0
0 0 0 0 0
0 0 0 0 0
0.3442 0 0 0 0
0 0 0 0 0
0 0 0 0 0
0 0 0 0 0
1.166338 1.2006 1.495662 1.8299038 4
-0.1015392 0 0 0.322467 0
0 0 0 0.219111 1.6
0 0 0 0.612185 -4
1.1133086 0.427527 0 0.062197 0
0 0 0 0 0
0 0 0 0 4
0 0 0 0 0
0 0.357656 0 0 0
0 0 0 0 0
0 0 0 0 0
0 0 0 0 0
1.12792 0 0 0 0
0 0 0 0 0
0 0 0 0 0
0 0 0 0 0
0 0 0 2.808131 -4
1.314121 0 0 0 0
0 0 0.573088 0 -6.4
0.306239 0 0 0.465523 -4
0.791666 0 0 0.427418 0
0 0 0 0 0
0 0 0 0 0
0 0 0 0 0
0 0 0 1.223566 4
0 0 0 0 0
0 0 0 0 0
0 0 0 1.601228 0
0 0 0 0 0
0 0 0 0 0
0 0 0 0 0
0 0 0 0 0
0.123863 0 0 0 0
1.606879 0 1.9454206 1.034118 4.96
0.6646528 0.902239 0 1.195816 -6.4
0.825457 0.614159 1.070945 0.4977486 -6.976
1.459689 0.295289 0 1.135044 -4.664166
0 0 0 0 0
0.305777 1.305297 0 1.244095 2.496
0 0 0 0.30306 6.976
2.9866978 1.495519 1.8670368 2.895148 7.8976
0 0 0 0 0
0 0 0 0 0
0 0 0 1.53691 6.4
3.349126 1.920955 2.1612914 1.400336 9.222401
0 0 0 0 0
0 0 0 0 0
0 0 0 0 0
2.6240996 0 1.3888594 2.668444 0
0 0 0 0 0
0 0 0 0 0
0 0 0 0 0
0 0 0 0 0
0 0 0 0 0
0 0 0 0 0
0 0 0 0 0
0 0 0 0 0
0 0 0 0 0
0 0 0 0 0
0 0 0 0 0
0 0 0 0 0
0 0 0 0 0
0 0 0 0 0
0 0 0 0 0
0 0 0 0 0
0 0 0 0 0
0 0 0 0 0
0 0 0 0 0
0 0 0 0 0
0 0 0 0 0
0 0 0 0 0
0 0 0 0 0
0 0 0 0 0
0 0 0 0 0
0 0 0 0 0
0 0 0 0 0
0 0 0 0 0
0 0 0 0 0
0 0 0 0 0
0 0 0 0 0
1.198992 0 0 0 0
0 0 0 0 0
0 0 0 0 0
0 0 0 0 0
0 0 0 0 0
0 0 0 0 0
0 0 0 0 0
0 0 0 0 0
0 0 0 0 0
0 0 0 0 0
0 0 0 0 0
0 0 0 0 0
0 0 0 0 0
0 0 0 0 0
0 0 0 0 0
0 0 0 0 0
0 0 0 0 0
0 0 0 0 0
0 0 0 0 0
0 0 0 0 0
0 0 0 0 0
0 0 0 0 0
0 0 0 0 0
0 0 0 0 0
0 0 0 0 0
0 0 0 0 0
0 0 0 0 0
0 0 0 0 0
0 0 0 0 0
0 0 0 0 0
0 0 0 0 0
0 0 0 0 0
0 0.657291 0 0 0
1.4313298 0.973574 2.126271 1.864961 -2.612179
0 0 0 0 0
0 0 0 0 0
0 0 0 0 0
0 0 0 0 0
3.78504 3.433136 2.144823 1.758019 1.2739612
0 0 0 1.002777 0
0 2.962571 0 1.9549338 0
0 0 0 0 0
0 0 0 0 0
2.740237 2.000422 1.9726712 4.1710268 5.06368
0 0 0 0.549378 0
0 0 0 0 0
0 0 0 0 0
0 0 0 0 0
2.3166336 1.9231442 1.4512488 2.363328 6.4
0 0 0 0 0
0 0 0 0 0
0.178195 0 0 2.069971 0
1.456681 0 0 0.452409 0
0 0 0 0 0
0 1.2 0 0 4
0.69625 0 0 0.647756 0
0 0 0 0.857838 0
0 0 0 0 0
0 0 0 0 0
0 0.068855 0 0.303329 1.6
0 1.170569 0 0.065035 0
0 0 0 0 0
0 0 0 0 0
0 0 0 0 0
0 0.790812 0 1.211491 0
0 0 0.119397 0 0
0 0 0 0 -4
0 0 0 0 0
0.214907 0.510642 0 0 0
0 0 0 0 0
0 0.789767 0.655913 0 0
0.412324 0 0 0.914444 0
0 0.153926 0 0 0
0 0 0 0 0
0 0 0 0 0
0 0 0 0.63565 6.4
0.514125 0 0 0.8011794 0
0 0 0 0 0
0 0 0 0 0
0 0 0 0 0
2.463742 0 1.069513 0.690749 0.704
0 0 0 0.426342 0
0 0 0 0 0
0 0 0 0 0
0.282301 0 0 0 0
0 0 0 0 0
0 0 0 0 4
1.015343 0 0 0 0
0 0 0 0 0
0 0 0 0 0
0 0 0 0 0
0 0.15347 0 0.032492 6.4
0.735679 0 0 0 4
0 0 0 0 0
0 0 0 0 0
0 0 0 0 0
0 0 0.586057 0 4
-0.068179 0 0 0 0
0 0 0 1.407437 4
0 0.80839 0 0 -4
0 0 0 0 0
0 0 0 0 0
0 0 0 1.043629 -4
1.125605 0 0 0 0
0 0 0 0 0
0 0 0 0 0
0 0 0 0 0
0 0 0 0 0
0.308973 0.39945 0 0 0
0 0 0 0 0
0 0 0 0 0
0 0 0 0 0
2.672083 0 1.1550546 1.804992 5.44
0.282343 0.267994 1.306947 0.823632 -0.48
0.822973 0.798885 0.983023 1.284019 2.5664
2.358067 0 1.4978476 1.374381 -2.785251
0.723937 0.087587 0.0288028 -0.192272 0.29824
0 0 0 0 0
0 0 0 0 4
0.902015 0 0 1.1093228 4
0.8592688 0.3965855 -0.003185 1.5891238 7.784604
0 0 0 0 0
0 0 0 0 0
0 0 0 0 -4
0.3810404 0.920889 0 1.0052388 -4.96
0 0 0 0 0
0 0 0 0 0
0 0 0 0 0
1.359319 0.032042 1.306684 4.474065 9.284609
0 0 0 0 0
0 0 0 0 0
0 0 0 0 0
0 0 0 0 0
0 0 0 0 0
0 0 0 0 0
0 0 0 0 0
0 0 0 0 0
0 0 0 0 0
0 0 0 0 0
0 0 0 0 4
0 0 0 0 0
0 0 0 0 0
0 0 0 0 0
0 0 0 0 0
2.200767 0 0.267368 0 0
0 0 0 0 0
0 0 0 0 0
0 0 0 0 0
0 0 0 0 0
0 0 0 0 0
0 0 0 0 0
0 0 0 0 0
0 0 0 0 0
0 0 0 0 0
0 0 0 0 0
0 0 0 0 0
0 0 0 0 0
0 0 0 0 0
0 0 0 0 0
0 0 0 0 0
0 0 0 0 0
0 0 0 0 0
0 0 0 0 0
0 0 0 0 0
0 0 0 0 0
0 0 0 0 0
0 0 0 0 0
0 0 0 0 0
0 0 0 0 0
0 0 0 0 0
0 0 0 0 0
0 0 0 0 0
0 0 0 0 0
0 0 0 0 0
0 0 0 0 0
0 0 0 0 0
0 0 0 0 0
0 0 0 0 0
0 0 0 0 0
0 0 0 0 0
0 0 0 0 0
0 0 0 0 0
0 0 0 0 0
0 0 0 0 0
0 0 0 0 0
0 0 0 0 0
0 0 0 0 0
0 0 0 0 0
0 0 0 0 0
0 0 0 0 0
0 0 0 0 0
0 0 0 0 0
0 0 0 0 0
0 0 0 0 0
0 0 0 0 0
0 0 0 0 0
0 0 0 0 0
0 0 0 0 0
0 0 0 0 0
0 0 0 0 0
0 0 0 0 0
0 0 0 0 0
0 0 0 0 0
0 0 0 0 0
0 0 0 0 0
0 0 0 0 0
0 0 0 0 0
0 0 0 0 0
0 0 0 0 0
1.833943 1.124639 0.856031 0.894648 0.5696062
0 0 0.601833 0 0
0 1.543843 0 0 0
0 0 0 0.232331 0
0 0 0 0 0
1.0884668 0.9238292 3.000803 1.814041 3.04
0 0 0 0 0
0 1.508951 0.822625 1.049813 0
0 0 0 0 0
0 0 0 0 0
2.244951 1.923783 0 2.688086 5.44
1.74002 0 0 0.782893 0
0 0 0 0 0
0 0 0 0 0
0 0 0 0 0
3.177431 3.2814072 2.2948126 2.932983 9.3667884
0 0 0 0 -4
0 0 0 0 4
0 0 0 0 0
1.252654 0 0.339018 1.02074 -4
0 0 0 0 0
0.149286 0.157953 0 0.238356 0
0 0 0 0 4
0 0 0 1.72316 0
0 0 0 0 0
0 0 0 0 0
0.54709 0 0 0.918057 -4
0 1.8936722 0 0.516787 -0.1536
0 0 0 0 0
0 0 0 0 0
0 0 0 0 0
2.52505 0.495606 -0.247138 2.0049624 4
0 0.696776 0 1.420569 0
0 0 0 0 0
0 0 0 0 0
0.348872 -0.080219 0.660622 0 -6.4
0 0 0 0 0
0 0 0 0 0
0 0 0 0 -4
0 0 0 0.3512064 0
0 0 0 0 0
0 0 0 0 0
0 0 0 0 0
0 -0.754615 0 1.36635 0
0 0 0 0 0
0 0 0 0 0
0 0 0 0 0
0 1.204955 1.170301 1.683404 8.704
0 0 0 0 0
0 0 0 0 0
0 0 0 0.849636 0
0.76218 2.603045 1.413385 0.770248 0
0 0 0 0 0
0 0 0 0 0
0.69561 0 0 0 4
1.655361 0 0 0 0
0 0 0 0 0
0 0 0 0 0
0 0 0 0 0
0 0 0 0 0
0 0 0 0 0
0 0 0 0 0
0 0 0 0 0
3.243397 0.535134 0 2.616996 6.496
0.24198 0 0.928579 0.115716 -4.0192
-0.647414 0 0.395709 1.361365 -2.112
0.2869686 0.086894 0 0.390738 -3.5968
1.292494 0.887132 0.235347 1.323308 3.072534
0 0 0 0 0
1.223513 0 0 0 4
0.475021 0 0.744753 0.401014 0
0.6087142 0.4638934 0.555026 1.555054 3.04
0 0 0 0 0
0 0 0 0 0
2.651092 1.726341 0 0 4
0 1.5437326 0.277935 1.5288022 -2.88
0 0 0 0 0
0 0 0 0 0
0 0 0 0 0
1.888566 2.328069 1.907454 3.624081 7.552
0 0 0 0 0
0 0 0 0 0
0 0 0 0 0
0 0 0 0 0
0 0 0 0 0
0 0 0 0 0
0 0 0 0 0
0 0 0 0 0
0 0 0 0 0
0 0 0 0 0
0 0 0 0 0
0 0 0 0 0
0 0 0 0 0
0 0 0 0 0
0 0 0 0 0
0.650358 0.208222 0.346292 0.306744 -4
0 0 0 0 0
0 0 0 0 0
0 0 0 0 0
0 0 0 0 0
0 0 0 0 0
0 0 0 0 0
0 0 0 0 0
0 0 0 0 0
0 0 0 0 0
0 0 0 0 0
0 0 0 0 0
0 0 0 0 0
0 0 0 0 0
0 0 0 0 0
0 0 0 0 0
0 0 0.060259 0.240634 -4
0 0 0 0 0
0 0 0 0 0
0 0 0 0 0
0 0 0 0 0
0 0 0 0 0
0 0 0 0 0
0 0 0 0 0
0 0 0 0 0
0 0 0 0 0
0 0 0 0 0
0 0 0 0 0
0 0 0 0 0
0 0 0 0 0
0 0 0 0 0
0 0 0 0 0
0.65553 0 0 0 0
0 0 0 0 0
0 0 0 0 0
0 0 0 0 0
0 0 0 0 0
0 0 0 0 0
0 0 0 0 0
0 0 0 0 0
0 0 0 0 0
0 0 0 0 0
0 0 0 0 0
0 0 0 0 0
-0.011476 0 0 0 0
0 0 0 0 0
0 0 0 0 0
0 0 0 0 0
0 0 0 0 0
0 0 0 0 0
0 0 0 0 0
0 0 0 0 0
0 0 0 0 0
0 0 0 0 0
0 0 0 0 0
0 0 0 0 0
0 0 0 0 0
0 0 0 0 0
0 0 0 0 0
0 0 0 0 0
0 0 0 0 0
0 0 0 0 0
0 0 0 0 0
0 0 0 0 0
0 0 0 0 0
0 0 0 0 0
0 0 0 0 0
0 0 0 0 0
0 0 0 0 0
0 0 0 0 0
0 0 0 0 0
0 0 0 0 0
0 0 0 0 0
0 0 0 0 0
0 0 0 0 0
0 0 0 0 0
0 0 0 0 0
0 0 0 0 0
0 0 0 0 0
0 0 0 0 0
0 0 0 0 0
1.046539 1.2363406 1.0885302 1.0942562 -0.0334762
0 0 0.121619 0 0
0 0 0 0 0
0 0.304705 0 0 -4
0 0 0 0 0
2.298416 1.174929 0.2630776 0.8935742 0.2705408
0 0 0 0 0
0 0.368439 0 0 0
0 0 0 0 0
0 0 0 0 0
1.9378192 1.958419 2.325389 1.487775 6.4
0 0 0.822508 0 0
0 0 0 0 0
0 0 0 0 0
0 0 0 0 0
4.1759232 4.1355156 1.641256 4.273297 1.720065
0 0.989589 1.390279 0 0
0 0.201094 0 0 0
0.542888 0.659926 0 1.3510272 0
0.797597 0.91099 0.55297 1.341414 -1.76
0 0 0 0 0
0 0 0 0 0
0 0 0 0 0
1.167988 0 0.557116 1.211717 0
0 0 0 0 0
0 0 0 0 0
0 0 0 0 0
2.120368 0 0 1.644886 4
0 0 0 0 0
0 0 0 0 0
0 0 0 0 0
0.669999 1.819116 1.87047 2.257594 4
0 0 0 0 0
0 0 0 1.291224 -6.4
0 0 0 0 6.4
1.826979 2.645439 -0.097177 0.999607 -1.44768
0 0 0 0 0
0 0 -0.787611 0 0
0 1.752026 0 0 4
0 1.680225 0 0 6.4
0 0 0 0 0
0 0 0 0 0
0 0 0 0 0
0 0 0 0 0
0 0 0 0 0
0 0 0 0 0
0 0 0 0 0
0.56236 0.616576 1.5506842 1.321445 0
0 0.181539 0 0 4
-0.1143 0 0 1.9243298 4
0 0 0 0 -0.336
0.922029 1.632628 1.595916 2.1089776 4.384
0 0 0 0 0
0 0 0 0 0
0 0 0 0 4
1.198315 3.1438814 1.463358 2.6658856 0.103287
0 0 0 0 0
0 0 0 0 0
0 0 0 0 0
2.218592 0 0.357155 1.547152 8.0128
0 0 0 0 0
0 0 0 0 0
0 0 0 0 0
2.1782004 0 1.90097 1.3374082 7.373015
0 0 0 0 0
0 0 0 0 0
0 0 0 0 0
0 0 0 0 0
0 0 0 0 0
0 0 0 0 0
0 0 0 0 0
0 0 0 0 0
0 0 0 0 0
0 0 0 0 0
0 0 0 0 0
0 0 0 0 0
0 0 0 0 0
0 0 0 0 0
0 0 0 0 0
0.462363 0.190084 0 0.7419766 4
0 0 0 0 0
0 0 0 0 0
0 0 0 0 0
0 0 0 0 0
0 0 0 0 0
0 0 0 0 0
0 0 0 0 0
0 0 0 0 0
0 0 0 0 0
0 0 0 0 0
0 0 0 0 0
0 0 0 0 0
0 0 0 0 0
0 0 0 0 0
0 0 0 0 0
0.034218 0.222097 0 0 0
0 0 0 0 0
0 0 0 0 0
0 0 0 0 0
0 0 0 0 0
0 0 0 0 0
0 0 0 0 0
0 0 0 0 0
0 0 0 0 0
0 0 0 0 0
0 0 0 0 0
0 0 0 0 0
0 0 0 0 0
0 0 0 0 0
0 0 0 0 0
0 0 0 0 0
1.559113 0 0 0 0
0 0 0 0 0
0 0 0 0 0
0 0 0 0 0
0 0 0 0 0
0 0 0 0 0
0 0 0 0 0
0 0 0 0 0
0 0 0 0 0
0 0 0 0 0
0 0 0 0 0
0 0 0 0 0
0 0 0 0 0
0 0 0 0 0
0 0 0 0 0
0 0 0 0 0
0 0 0.038957 0.010644 -4
0 0 0 0 0
0 0 0 0 0
0 0 0 0 0
0 0 0 0 0
0 0 0 0 0
0 0 0 0 0
0 0 0 0 0
0 0 0 0 0
0 0 0 0 0
0 0 0 0 0
0 0 0 0 0
0 0 0 0 0
0 0 0 0 0
0 0 0 0 0
0 0 0 0 0
-0.014794 0.067431 0 0.002273 0
0 0 0 0 0
0 0 0 0 0
0 0 0 0 0
0 0 0 0 0
0 0 0 0 0
0 0 0 0 0
0 0 0 0 0
0 0 0 0 0
0 0 0 0 0
0 0 0 0 0
0 0 0 0 0
0 0 0 0 0
0 0 0 0 0
0 0 0 0 0
0 0 0 0 0
0 0 0 0 0
0 0 0 0.906586 0
0 0 0 0 0
0 0 0 0 0
0 0 0 0 0
0 0 0 0 0
0 0 0 0 0
0 0 0 0 0
0 0 0 0 0
0 0 0 0 0
0 0 0 0 0
0 0 0 0 0
0 0 0 0 0
0 0 0 0 0
0 0 0 0 0
0 0 0 0 0
0 0 0 0 0
1.511968 1.262162 1.177362 1.0343726 -5.017289
0.162527 0 0 0 0
0 0 0 0 0
0 0 0 0 0
0 0 0 0 0
0.161829 0.805277 0.856863 1.165306 -1.6
0 0 0 0 0
0 0 0 0 0
0 0 0 0 0
0 0 0 0 0
2.124306 1.817223 1.831282 1.396344 6.4
0.966757 0 0 1.575982 0
0 0 0 0 0
0 0 0 0 0
0 0 0 0 0
2.6999846 3.1947926 2.1055464 0.618942 9.222401
0 0 0 0 0
0 0 0 0 0
0 0 0 0 0
0.384162 0.680233 0 0.314066 0
0 0 0 0 0
0 0 0 0 0
0 1.471366 0 0 0
0 3.312423 0 0 0
0 0 0 0 0
0 0 0 0 0
1.527538 0 0 0 4
0 0.889711 0 0 0
0 0 0 0 0
0 0 0 0 0
0 0 0 0 0
1.159749 1.2 1.190231 2.4645236 4
1.056091 0 0 0.386866 0
0 1.286923 0 0.037606 6.4
-0.092222 0.637792 0 0.461357 -6.4
2.628704 0.4805418 0.505074 1.3121094 4.068585
0 0 0 0 0
0.754272 0 0.346847 0 0
0 0 0 0.489255 0
1.166244 1.920898 0.600843 2.2249976 8.3806388
0 0 0 0 0
0 0 0 0 0
0 0 0 0 0
2.826826 0.588298 2.121703 1.0740884 0
0 0 0 0 0
0 0 0 0 0
0 0 0 0 0
3.874009 1.932939 2.379272 1.338068 3.904
0 0 0 0 0
0 0 0 0 0
0 0 0 0 0
0 0 0 0 0
0 0 0 0 0
0 0 0 0 0
0 0 0 0 0
0 0 0 0 0
0 0 0 0 0
0 0 0 0 0
0 0 0 0 0
0 0 0 0 0
0 0 0 0 0
0 0 0 0 0
0 0 0 0 0
0.060088 0 0 0.019427 0
0 0 0 0 0
0 0 0 0 0
0 0 0 0 0
0 0 0 0 0
0 0 0 0 0
0 0 0 0 0
0 0 0 0 0
0 0 0 0 0
0 0 0 0 0
0 0 0 0 0
0 0 0 0 0
0 0 0 0 0
0 0 0 0 0
0 0 0 0 0
0 0 0 0 0
0.027244 0 0 0 0
0 0 0 0 0
0 0 0 0 0
0 0 0 0 0
0 0 0 0 0
0 0 0 0 0
0 0 0 0 0
0 0 0 0 0
0 0 0 0 0
0 0 0 0 0
0 0 0 0 0
0 0 0 0 0
0 0 0 0 0
0 0 0 0 0
0 0 0 0 0
0 0 0 0 0
0 0 0 0 0
0 0 0 0 0
0 0 0 0 0
0 0 0 0 0
0 0 0 0 0
0 0 0 0 0
0 0 0 0 0
0 0 0 0 0
0 0 0 0 0
0 0 0 0 0
0 0 0 0 0
0 0 0 0 0
0 0 0 0 0
0 0 0 0 0
0 0 0 0 0
0 0 0 0 0
0 -0.052657 0 0 0
0 0 0 0 0
0 0 0 0 0
0 0 0 0 0
0 0 0 0 0
0 0 0 0 0
0 0 0 0 0
0 0 0 0 0
0 0 0 0 0
0 0 0 0 0
0 0 0 0 0
0 0 0 0 0
0 0 0 0 0
0 0 0 0 0
0 0 0 0 0
0 0 0 0 0
0 0 0 0 0
0 0 0 0 0
0 0 0 0 0
0 0 0 0 0
0 0 0 0 0
0 0 0 0 0
0 0 0 0 0
0 0 0 0 0
0 0 0 0 0
0 0 0 0 0
0 0 0 0 0
0 0 0 0 0
0 0 0 0 0
0 0 0 0 0
0 0 0 0 0
0 0 0 0 0
0 0 0 0 0
0 0 0 0 0
0 0 0 0 0
0 0 0 0 0
0 0 0 0 0
0 0 0 0 0
0 0 0 0 0
0 0 0 0 0
0 0 0 0 0
0 0 0 0 0
0 0 0 0 0
0 0 0 0 0
0 0 0 0 0
0 0 0 0 0
0 0 0 0 0
0 0 0 0 0
0 0 0 0 0
0 0 0 0 0
0 0 0 0 0
0 0 0 0 0
0 0 0 0 0
0 0 0 0 0
0 0 0 0 0
0 0 0 0 0
0 0 0 0 0
0 0 0 0 0
0 0 0 0 0
0 0 0 0 0
0 0 0 0 0
0 0 0 0 0
0 0 0 0 0
0 0 0 0 0
0 0 0 0 0
0.3566836 0.1383834 1.454508 0.9917322 -6.088392
0 0 0 0 0
0 0 0 0 0
0 0 0 0.690925 4
0 0 0 0 0
1.2691198 0 0.941239 4.047819 -4
0 0 0 0 0
0 0 0 0 0
0 0 0 0 0
0 0 0 0 0
0.896171 0 0.911377 0.896748 0
0 0 1.395886 0 0
0 0 0 0 0
0 0 0 0 0
0 0 0 0 0
1.862003 0.92163 1.98961 0.23445 2.944
1.290249 0 0 1.575648 -1.6
-0.024341 0 0 0.824753 0
0.955029 0.43497 0.168422 0.874622 0
0.6851472 0.24792 0.966088 0.610824 -0.64
0 0 0 0 0
0 0.082219 0.151651 0.330741 0
0.084044 0 0 0 -4
0.532243 2.128422 0 0.826208 2.272
0 0 0 0 0
0 0 0 0 0
1.493164 0 0 1.824196 4.48
1.242775 0 0 0.746829 0
0 0 0 0 0
0 0 0 0 0
0 0 0 0 0
2.114155 2.968457 1.1319502 0.5367022 -5.92
0 0 0 0 0
0 0 0 0 0
0 0 0 0 0
0 0 0 0 0
0 0 0 0 0
0 0 0 0 0
0 0 0 0 0
0 0 0 0 0
0 0 0 0 0
0 0 0 0 0
0 0 0 0 -1.6
0 0 0 0 0
0 0 0 0 0
0 0 0 0 0
0 0 0 0 0
0.0696822 0.053568 0 0.2877648 0
0 0 0 0 0
0 0 0 0 0
0 0 0 0 0
0 0 0 0 0
0 0 0 0 0
0 0 0 0 0
0 0 0 0 0
0 0 0 0 0
0 0 0 0 0
0 0 0 0 0
0 0 0 0 0
0 0 0 -0.713838 0
0 0 0 0 0
0 0 0 0 0
0 0 0 0 0
0.229912 0.177643 0 0 -4
0 0 0 0 0
0 0 0 0 0
0 0 0 0 0
0 0 0 0 0
0 0 0 0 0
0 0 0 0 0
0 0 0 0 0
0 0 0 0 0
0 0 0 0 0
0 0 0 0 0
0 0 0 0 0
0 0 0 0 0
0 0 0 0 0
0 0 0 0 0
0 0 0 0 0
0.097494 0.009503 0 0.025865 0
0 0 0 0 0
0 0 0 0 0
0 0 0 0 0
0 0 0 0 0
0 0 0 0 0
0 0 0 0 0
2.518248 0 0 0 0
0 0 0 0 0
0 0 0 0 0
0 0 0 0 0
0 0 0 0 0
0 0 0 0 0
0 0 0 0 0
0 0 0 0 0
0 0 0 0 0
0.051972 0 0 0 -4
0 0 0 0 0
0 0 0 0 0
0 0 0 0 0
0 0 0 0 0
0 0 0 0 0
0 0 0 0 0
0 0 0 0 0
0 0 0 0 0
0 0 0 0 0
0 0 0 0 0
0 0 0 0 0
0.020851 0 0 0.031678 0
0 0 0 0 0
0 0 0 0 0
0 0 0 0 0
0 0 0 0 0
0 0 0 0 0
0 0 0 0 0
0 0 0 0 0
0 0 0 0 0
0 0 0 0 0
0 0 0 0 0
0 0 0 0 0
0 0 0 0 0
0 0 0 0 0
0 0 0 0 0
0 0 0 0 0
0 0 0.019473 0.027898 0
0 0 0 0 0
0 0 0 0 0
0 0 0 0 0
0 0.126224 0 0 0
0 0 0 0 0
0 0 0 0 0
0 0 0 0 0
0 0 0 0 0
0 0 0 0 0
0 0 0 0 0
0 0 0 0 0
0 0 0 0 0
0 0 0 0 0
0 0 0 0 0
0 0 0 0 0
0 0 0 0 4.6
0 0 0 0 0
0 0 0 0 0
0 0 0 0 0
0 0 0 0 0
1.306462 0 0 0 0
0 0 0 0 0
0 0 0 0.45924 0
0 0 0 0 0
0 0 0 0 0
0 0 0 0 0
0 0 0 0 4
0 0 0 0 0
0 0 0 0 0
0 0 0 0 0
0 0 0 0 0
0 0 0 0 0
0 0 0 0 0
0 0 0 0 0
0 0 0 0 0
0 0 0 0 0
0.533818 0 0 0 0
0 0 0 0 0
0 0 0 0 0
0 0 0 0 0
0 0 0 0 0
0 0 0 0 0
0 0 0 0 0
0 0 0 0 0
0 0 0 0 0
0 0 0 0 0
0 0 0 0 0
0 0 0 0 0
0 0 0 0 0
0 0 0 0 0
0 0 0 0 0
0 0 0 2.56836 0
0.0806522 0.5983292 0.0944786 0.3671976 2.2624424
0.777462 0 1.845494 0.036439 2.88
0.673841 0 -0.486062 0.992793 0
1.87499 1.854586 -0.152484 0.966434 4.4224
0 0 0 0 0
2.590424 2.7229 0.153974 3.42237 7.187891
0.285229 0 1.537516 1.492195 1.6
1.707792 -0.446703 1.3720914 4.068344 7.84
0 0 0 0 0
0 0 0 0 0
0.88234 2.0378328 1.519342 0.831179 -4.96
3.0086534 2.3185066 1.2312416 2.887199 -3.26656
0 0 0 0 0
0 0 0 0 0
0 0 0 0 0
4.139797 3.5987618 2.751815 4.23041 8.867611
