1.018293 1.219228 1.215059 1.047343 -5.245207 
1.642684 2.862771 1.685804 1.810945 4.000000 
1.607019 0.141929 0.000000 0.372183 4.000000 
0.244642 0.000000 0.917026 1.217810 -6.400000 
0.334113 0.000000 0.000000 0.508354 -4.000000 
4.774028 2.721879 4.184176 3.625521 9.629903 
1.602708 1.378930 1.367339 1.737106 -6.400000 
1.309574 0.583998 0.560143 0.627086 -9.092800 
1.837324 3.345889 1.196356 1.140966 -0.185600 
0.000000 0.000000 0.888306 0.000000 0.000000 
1.720153 1.934703 2.484735 1.317989 -7.024532 
2.573984 1.659212 0.621943 2.704195 5.430400 
0.807135 3.402607 0.895142 0.888353 0.905550 
0.000000 0.000000 0.000000 0.000000 0.000000 
0.513204 0.000000 1.411754 1.161148 0.000000 
4.911871 3.146424 4.681664 4.260706 9.773821 
0.435885 0.808082 0.922491 1.228101 -6.400000 
1.733016 0.503865 0.979124 1.060050 0.000000 
0.992938 0.383783 0.342638 1.017235 -4.000000 
1.367192 0.681970 1.995673 1.035105 -4.000000 
0.000000 0.000000 0.000000 0.992714 0.000000 
0.873864 2.005843 0.504145 1.866121 -1.600000 
2.944637 2.063403 1.906600 1.263514 5.363200 
1.413942 0.803788 3.290275 0.826804 3.212800 
1.805222 0.543172 0.485543 1.560222 -2.176000 
0.000000 0.000000 0.000000 0.000000 0.000000 
1.334519 2.404227 1.773540 0.983662 3.280000 
4.869307 2.198203 1.672476 1.549104 -0.016000 
1.682285 2.857590 1.348794 0.995081 3.177911 
0.000000 0.000000 0.000000 0.000000 0.000000 
0.000000 0.000000 0.000000 0.000000 0.000000 
3.297429 1.766982 2.946249 3.160729 -2.566400 
0.908283 0.000000 1.018450 1.238551 -4.000000 
2.527121 0.960260 0.000000 1.545212 0.000000 
1.263169 0.138458 0.768171 1.246088 -3.800000 
1.186886 0.293483 0.600717 0.772156 -8.488001 
0.000000 0.757652 0.773084 0.000000 0.000000 
0.877229 1.931859 0.000000 2.212885 4.000000 
1.908515 1.758550 1.549423 1.021250 5.250880 
0.905143 2.138194 0.000000 0.847118 1.600000 
1.685079 0.245977 0.000000 1.950015 8.704000 
0.000000 0.000000 0.000000 0.000000 0.000000 
1.213200 1.399310 0.000000 1.747340 -2.880000 
0.524523 2.412275 0.475602 1.072265 -3.616000 
4.130351 1.328964 1.867940 2.439998 -5.560000 
0.000000 0.000000 0.000000 0.000000 0.000000 
0.000000 0.000000 0.000000 0.000000 0.000000 
3.290020 3.071969 2.914438 3.440125 6.976000 
0.000000 0.545937 0.983619 0.295585 0.000000 
1.049383 0.483861 0.000000 0.588158 0.000000 
1.507524 0.000000 0.142785 0.722069 0.000000 
0.107497 0.406740 0.810462 1.009062 -3.040000 
0.000000 0.000000 0.000000 0.000000 0.000000 
0.671380 0.298705 0.000000 1.131366 0.000000 
0.000000 0.000000 2.117855 0.426657 -4.000000 
0.564506 0.641645 0.689213 2.396362 -4.800000 
0.000000 0.000000 0.000000 0.000000 6.400000 
0.000000 0.000000 0.000000 0.000000 0.000000 
0.000000 0.355630 1.183031 0.646351 0.000000 
0.350151 0.569047 0.000000 2.632446 5.920000 
2.716722 2.449446 3.307595 4.779458 9.576986 
0.000000 0.000000 0.000000 0.000000 0.000000 
0.289238 0.294836 0.000000 0.808729 0.000000 
2.109258 1.100921 3.671706 3.756621 7.840000 
0.447413 0.000000 1.131178 0.343424 -4.600000 
0.496153 0.000000 2.084342 2.648511 -2.464000 
0.915368 0.000000 0.000000 0.625832 -4.000000 
1.742243 0.738568 1.175100 0.398693 1.600000 
0.000000 0.000000 0.000000 0.000000 0.000000 
0.000000 0.000000 0.000000 0.000000 0.000000 
0.678509 0.000000 1.396869 0.858772 0.000000 
1.152589 0.000000 0.630344 0.552811 4.000000 
0.000000 0.000000 0.000000 0.000000 0.000000 
0.000000 0.000000 0.000000 0.000000 0.000000 
1.070368 0.000000 0.000000 1.183031 0.000000 
0.000000 1.055078 0.682723 1.035712 6.400000 
2.215584 0.003463 2.384181 1.672947 6.169600 
0.000000 0.000000 0.000000 0.000000 0.000000 
0.000000 0.000000 0.000000 0.000000 0.000000 
0.662180 2.046536 3.619807 1.995177 4.000000 
0.692391 0.786397 0.863102 0.250058 -4.000000 
0.000000 1.090930 0.000000 0.632787 -4.000000 
0.879692 0.000000 0.000000 0.860745 -4.000000 
-0.020635 0.198082 1.569829 0.608032 -4.000000 
0.000000 0.000000 0.000000 0.000000 0.000000 
0.000000 1.219757 0.000000 1.194931 4.000000 
0.987227 0.000000 0.000000 2.008920 6.400000 
0.689652 0.462085 0.493912 0.856006 2.600000 
0.000000 0.000000 0.000000 0.000000 4.000000 
0.000000 0.000000 0.000000 0.000000 0.000000 
0.000000 0.000000 0.000000 1.951299 0.000000 
1.388093 0.000000 0.424298 0.920035 4.960000 
1.375345 0.374233 0.000000 0.931580 4.000000 
0.000000 0.000000 0.000000 0.000000 0.000000 
0.000000 0.000000 0.000000 0.000000 0.000000 
2.092618 0.000000 1.143109 1.464359 3.904000 
0.349827 0.000000 0.866782 0.322223 -6.400000 
0.604717 0.000000 0.000000 1.694800 4.000000 
0.360428 0.000000 0.000000 1.317269 6.400000 
0.000000 0.415020 0.042267 0.190476 -3.904000 
0.000000 0.000000 0.000000 0.000000 0.000000 
0.000000 0.000000 0.000000 0.000000 4.000000 
0.702062 0.000000 1.590034 0.479555 -4.000000 
0.000000 0.000000 0.029780 0.276993 0.000000 
0.000000 0.000000 0.000000 0.000000 0.000000 
0.000000 0.000000 0.000000 0.000000 0.000000 
0.000000 0.000000 0.000000 1.620476 0.000000 
0.000000 0.000000 0.000000 1.729308 4.000000 
0.000000 0.000000 0.000000 0.000000 0.000000 
0.000000 0.000000 0.000000 0.000000 0.000000 
0.000000 0.000000 0.000000 0.000000 0.000000 
0.624737 0.443675 2.670391 1.905372 4.000000 
0.218815 0.761732 1.821914 0.394268 -4.000000 
1.246118 0.000000 1.112336 1.204363 4.000000 
0.000000 0.696777 0.000000 0.863246 0.000000 
0.389715 0.368110 0.606924 0.537694 -1.600000 
0.000000 0.000000 0.000000 0.000000 0.000000 
0.000000 0.515063 0.000000 0.000000 0.000000 
0.000000 0.000000 0.000000 2.775244 0.000000 
0.372562 0.000000 0.000000 0.826632 -4.000000 
0.000000 0.000000 0.000000 0.000000 0.000000 
0.000000 0.000000 0.000000 0.000000 0.000000 
0.000000 0.000000 0.000000 0.000000 4.000000 
-0.029735 1.625050 0.000000 0.000000 0.000000 
0.000000 0.000000 0.000000 0.000000 0.000000 
0.000000 0.000000 0.000000 0.000000 0.000000 
0.000000 0.000000 0.000000 0.000000 0.000000 
0.000000 1.208172 1.059833 0.649348 4.000000 
0.000000 0.000000 0.000000 2.137242 4.000000 
0.000000 0.000000 0.146524 0.935364 0.640000 
0.801234 0.000000 0.000000 0.895598 -4.000000 
0.000000 3.062764 0.000000 0.612340 4.000000 
0.000000 0.000000 0.000000 0.000000 0.000000 
0.000000 0.000000 1.875486 0.000000 0.000000 
0.000000 0.833985 0.000000 0.696860 0.000000 
1.348167 2.348084 0.000000 1.581917 7.840000 
0.000000 0.000000 0.000000 0.000000 0.000000 
0.000000 0.000000 0.000000 0.000000 0.000000 
0.000000 0.000000 0.000000 0.000000 4.000000 
1.236108 0.000000 1.919924 0.796309 0.000000 
0.000000 0.000000 0.000000 0.000000 0.000000 
0.000000 0.000000 0.000000 0.000000 0.000000 
0.000000 0.000000 0.000000 0.000000 0.000000 
0.923362 1.304955 0.711225 1.196468 7.840000 
0.255093 0.414553 0.276226 0.973388 -5.200000 
1.199411 0.745070 0.832289 0.870253 -3.390306 
2.124087 0.527975 0.515165 2.929643 7.664751 
1.832575 1.619551 0.930408 1.568156 2.646006 
0.000000 0.000000 0.000000 0.000000 0.000000 
0.000000 0.008377 0.536535 0.921944 -4.000000 
0.732238 0.269191 0.363287 1.138318 1.974746 
3.069528 0.989761 2.143125 4.847466 9.720064 
0.000000 0.000000 0.000000 0.000000 0.000000 
0.000000 0.000000 0.000000 0.000000 0.000000 
0.538113 0.000000 0.668692 0.994451 4.960000 
3.080786 1.738408 0.662617 1.726326 5.305600 
0.000000 0.000000 0.000000 0.000000 0.000000 
0.000000 0.000000 0.000000 0.000000 0.000000 
0.000000 0.000000 0.000000 0.000000 0.000000 
4.206716 3.090596 3.651284 1.884517 9.348284 
0.000000 0.000000 0.000000 0.000000 0.000000 
0.000000 0.000000 0.000000 0.000000 0.000000 
0.000000 0.000000 0.000000 0.000000 0.000000 
0.000000 0.000000 0.000000 0.000000 0.000000 
0.000000 0.000000 0.000000 0.000000 0.000000 
0.000000 0.000000 0.000000 0.000000 0.000000 
0.000000 0.000000 0.000000 0.000000 0.000000 
0.000000 0.000000 0.000000 0.000000 0.000000 
0.000000 0.000000 0.000000 0.000000 0.000000 
0.000000 0.000000 0.000000 0.000000 0.000000 
0.000000 0.000000 0.000000 0.000000 0.000000 
0.000000 0.000000 0.000000 0.000000 0.000000 
0.000000 0.000000 0.000000 0.000000 0.000000 
0.000000 0.000000 0.000000 0.000000 0.000000 
0.000000 0.000000 0.000000 0.000000 0.000000 
0.000000 0.000000 0.000000 0.000000 0.000000 
1.528354 0.858722 1.707555 2.078311 -4.579923 
0.536220 0.000000 0.000000 1.439883 0.000000 
0.296383 0.000000 1.301471 1.305183 0.000000 
0.515087 0.159967 0.159754 0.504627 0.000000 
0.000000 0.000000 0.000000 0.000000 0.000000 
2.283840 2.560522 4.286607 4.636130 4.746676 
0.000000 1.955686 0.000000 2.893564 3.040000 
0.000000 0.000000 0.430010 1.316134 -4.000000 
0.000000 0.000000 0.000000 0.000000 0.000000 
0.000000 0.000000 0.000000 0.000000 0.000000 
3.766307 3.163594 3.316811 3.331969 6.840064 
0.709654 0.736561 1.043836 3.339847 -4.000000 
0.000000 0.000000 0.000000 0.000000 0.000000 
0.000000 0.000000 0.000000 0.000000 0.000000 
0.000000 0.000000 0.000000 0.000000 0.000000 
2.139586 3.702278 3.880303 4.011878 8.865150 
0.579946 0.277275 0.000000 2.036291 4.000000 
0.000000 1.359721 0.000000 0.884630 1.760000 
0.000000 0.000000 0.000000 0.000000 -5.800000 
0.827745 0.982826 0.000000 1.121334 1.600000 
0.000000 0.000000 0.000000 0.000000 0.000000 
2.932593 2.019644 0.887238 1.583762 -4.000000 
0.921127 0.000000 0.520612 1.007928 4.000000 
1.336675 0.636410 0.132671 1.274135 1.600000 
0.000000 0.000000 0.000000 0.000000 0.000000 
0.000000 0.000000 0.000000 0.000000 0.000000 
3.223960 2.352000 0.000000 3.924752 7.840000 
1.974689 1.622264 0.000000 1.552337 -4.960000 
0.000000 0.000000 0.000000 0.000000 0.000000 
0.000000 0.000000 0.000000 0.000000 0.000000 
0.000000 0.000000 0.000000 0.000000 0.000000 
3.575727 2.168040 1.427068 3.900181 7.840000 
1.186862 1.156646 0.000000 0.293968 4.000000 
0.000000 1.349596 0.599674 2.489581 -4.000000 
0.743011 0.000000 1.237795 0.038225 -7.618816 
0.937742 0.000000 0.000000 2.893670 -4.000000 
0.000000 0.000000 0.000000 0.000000 0.000000 
0.000000 0.000000 0.000000 2.166561 4.000000 
1.147836 0.938525 0.000000 0.211000 -4.000000 
1.450611 1.503139 0.587484 0.000000 -4.000000 
0.000000 0.000000 0.000000 0.000000 0.000000 
0.000000 0.000000 0.000000 0.000000 0.000000 
0.000000 1.913297 0.000000 0.000000 0.000000 
0.839799 0.529352 0.000000 1.648865 -6.400000 
0.000000 0.000000 0.000000 0.000000 0.000000 
0.000000 0.000000 0.000000 0.000000 0.000000 
0.000000 0.000000 0.000000 0.000000 0.000000 
0.990919 1.192420 1.358116 1.600983 6.400000 
0.790819 0.522801 0.587366 0.180610 -6.400000 
0.772208 0.467631 0.964954 1.352255 4.000000 
0.000000 1.017767 0.423532 0.498257 -8.704000 
0.844330 1.036291 0.000000 0.878462 -1.600000 
0.000000 0.000000 0.000000 0.000000 0.000000 
0.000000 0.106935 1.310034 1.201494 4.000000 
0.000000 0.000000 0.000000 0.000000 -4.000000 
1.060899 1.263317 0.288821 0.458502 0.000000 
0.000000 0.000000 0.000000 0.000000 0.000000 
0.000000 0.000000 0.000000 0.000000 0.000000 
0.170610 0.000000 0.000000 0.000000 6.400000 
1.773547 0.000000 0.530575 2.028436 6.400000 
0.000000 0.000000 0.000000 0.000000 0.000000 
0.000000 0.000000 0.000000 0.000000 0.000000 
0.000000 0.000000 0.000000 0.000000 0.000000 
2.429972 1.456369 1.072299 1.227018 -4.000000 
0.000000 0.532723 0.000000 0.000000 0.000000 
1.421711 2.097521 0.000000 1.007102 0.000000 
0.550271 1.829769 1.107044 0.537273 0.000000 
0.269047 0.334865 0.000000 2.434550 -6.400000 
0.000000 0.000000 0.000000 0.000000 0.000000 
0.000000 0.000000 0.000000 2.002759 0.000000 
0.000000 0.000000 0.513853 0.349983 0.000000 
0.000000 1.200220 0.000000 1.901119 4.000000 
0.000000 0.000000 0.000000 0.000000 0.000000 
0.000000 0.000000 0.000000 0.000000 0.000000 
1.245464 0.000000 0.000000 0.588743 0.000000 
1.225043 0.000000 0.000000 1.683738 0.000000 
0.000000 0.000000 0.000000 0.000000 0.000000 
0.000000 0.000000 0.000000 0.000000 0.000000 
0.000000 0.000000 0.000000 0.000000 0.000000 
2.147227 0.692433 0.000000 2.144359 7.840000 
2.723527 2.792628 0.000000 0.000000 4.000000 
0.630395 0.000000 0.000000 1.066870 0.000000 
0.471433 0.000000 0.000000 0.545725 -4.422400 
1.191298 0.348397 1.472463 0.851579 -6.400000 
0.000000 0.000000 0.000000 0.000000 0.000000 
1.082330 0.000000 0.000000 0.000000 0.000000 
1.564482 1.553192 0.000000 0.000000 0.000000 
1.450227 0.000000 0.000000 0.502289 -1.600000 
0.000000 0.000000 0.000000 0.000000 0.000000 
0.000000 0.000000 0.000000 0.000000 0.000000 
1.735479 0.619456 0.000000 0.000000 0.000000 
0.543945 0.000000 0.000000 0.000000 0.000000 
0.000000 0.000000 0.000000 0.000000 0.000000 
0.000000 0.000000 0.000000 0.000000 0.000000 
0.000000 0.000000 0.000000 0.000000 0.000000 
1.923432 1.758504 0.608908 1.190643 8.704000 
0.000000 0.386232 0.000000 0.639499 -7.840000 
1.994661 0.647421 0.475200 0.000000 -7.552000 
0.000000 0.000000 1.409433 0.583030 0.000000 
0.764670 0.866529 -0.254820 0.435884 -4.000000 
0.000000 0.000000 0.000000 0.000000 0.000000 
0.000000 0.000000 0.000000 0.000000 0.000000 
0.768517 0.000000 0.000000 0.000000 0.000000 
1.512021 0.000000 0.000000 0.000000 0.000000 
0.000000 0.000000 0.000000 0.000000 0.000000 
0.000000 0.000000 0.000000 0.000000 0.000000 
0.000000 0.000000 0.000000 1.614170 0.000000 
0.827159 0.000000 2.796664 0.000000 4.000000 
0.000000 0.000000 0.000000 0.000000 0.000000 
0.000000 0.000000 0.000000 0.000000 0.000000 
0.000000 0.000000 0.000000 0.000000 0.000000 
1.103998 0.000000 0.537924 1.467879 0.000000 
1.135619 0.000000 0.778170 0.000000 -4.480000 
0.776916 0.000000 0.000000 1.275757 0.000000 
0.000000 0.000000 0.000000 2.441133 4.960000 
0.649281 0.098099 0.223258 0.000000 0.000000 
0.000000 0.000000 0.000000 0.000000 0.000000 
1.327496 0.000000 0.000000 0.000000 0.000000 
0.000000 0.000000 0.357256 1.024149 0.000000 
0.149453 0.000000 0.008304 0.483665 0.000000 
0.000000 0.000000 0.000000 0.000000 0.000000 
0.000000 0.000000 0.000000 0.000000 0.000000 
2.439480 0.000000 0.000000 2.471868 4.000000 
0.000000 0.000000 0.000000 0.000000 6.400000 
0.000000 0.000000 0.000000 0.000000 0.000000 
0.000000 0.000000 0.000000 0.000000 0.000000 
0.000000 0.000000 0.000000 0.000000 0.000000 
1.775942 0.000000 0.000000 2.706379 4.000000 
0.509764 0.505244 0.000000 -0.118217 -5.824000 
0.401452 1.398834 2.314726 0.922571 -4.313602 
2.755187 2.451332 2.715528 3.022009 5.838841 
1.536965 1.281097 0.412805 0.628163 3.678933 
0.000000 0.000000 0.000000 0.000000 0.000000 
0.311615 0.000000 0.336671 0.770872 -4.120000 
0.820444 1.611069 0.886087 2.138605 7.295335 
1.136450 0.000000 0.742163 0.830270 1.775731 
0.000000 0.000000 0.000000 0.000000 0.000000 
0.000000 0.000000 0.000000 0.000000 0.000000 
0.000000 1.793265 0.000000 1.731721 4.960000 
2.254384 1.324456 1.154994 2.683867 4.288000 
0.000000 0.000000 0.000000 0.000000 0.000000 
0.000000 0.000000 0.000000 0.000000 0.000000 
0.000000 0.000000 0.000000 0.000000 0.000000 
2.843434 2.812099 3.270280 2.107098 0.792699 
0.000000 0.000000 0.000000 0.000000 0.000000 
0.000000 0.000000 0.000000 0.000000 0.000000 
0.000000 0.000000 0.000000 0.000000 0.000000 
0.000000 0.000000 0.000000 0.000000 0.000000 
0.000000 0.000000 0.000000 0.000000 0.000000 
0.000000 0.000000 0.000000 0.000000 0.000000 
0.000000 0.000000 0.000000 0.000000 0.000000 
0.000000 0.000000 0.000000 0.000000 0.000000 
0.000000 0.000000 0.000000 0.000000 0.000000 
0.000000 0.000000 0.000000 0.000000 0.000000 
0.000000 0.000000 0.000000 0.000000 0.000000 
0.000000 0.000000 0.000000 0.000000 0.000000 
0.000000 0.000000 0.000000 0.000000 0.000000 
0.000000 0.000000 0.000000 0.000000 0.000000 
0.000000 0.000000 0.000000 0.000000 0.000000 
0.000000 1.005167 0.000000 0.539365 0.000000 
0.000000 0.000000 0.000000 0.000000 0.000000 
0.000000 0.000000 0.000000 0.000000 0.000000 
0.000000 0.000000 0.000000 0.000000 0.000000 
0.000000 0.000000 0.000000 0.000000 0.000000 
0.000000 0.000000 0.000000 0.000000 0.000000 
0.000000 0.000000 0.000000 0.000000 0.000000 
0.000000 0.000000 0.000000 0.000000 0.000000 
0.000000 0.000000 0.000000 0.000000 0.000000 
0.000000 0.000000 0.000000 0.000000 0.000000 
0.000000 0.000000 0.000000 0.000000 0.000000 
0.000000 0.000000 0.000000 0.000000 0.000000 
0.000000 0.000000 0.000000 0.000000 0.000000 
0.000000 0.000000 0.000000 0.000000 0.000000 
0.000000 0.000000 0.000000 0.000000 0.000000 
0.000000 0.000000 0.000000 0.000000 0.000000 
0.304772 0.000000 0.000000 0.000000 0.000000 
0.723338 0.589848 0.765209 1.446795 -9.318565 
1.519796 0.737602 0.000000 0.883993 0.000000 
1.239560 0.000000 0.000000 0.482275 -5.200000 
0.000000 0.000000 1.012192 0.000000 0.000000 
0.000000 0.000000 0.000000 0.000000 0.000000 
3.075123 2.937122 2.584397 4.160677 9.639965 
0.000000 0.000000 0.620442 0.378949 6.400000 
1.044785 0.511270 0.000000 0.161573 -4.000000 
0.000000 0.000000 0.000000 0.000000 0.000000 
0.000000 0.000000 0.000000 0.000000 0.000000 
2.951931 2.363485 1.699689 3.762088 7.791655 
1.847784 0.000000 0.000000 0.659665 0.000000 
0.000000 0.000000 0.000000 0.000000 0.000000 
0.000000 0.000000 0.000000 0.000000 0.000000 
0.000000 0.000000 0.000000 0.000000 0.000000 
3.022358 5.109672 5.509618 3.995989 9.768213 
0.000000 0.461816 0.000000 0.809113 -4.000000 
0.639398 0.000000 0.000000 0.444411 0.000000 
0.603187 0.635700 0.000000 0.000000 0.000000 
0.182559 0.000000 0.000000 0.832256 0.000000 
0.000000 0.000000 0.000000 0.000000 0.000000 
1.213667 0.199310 2.635989 1.700062 6.400000 
0.000000 0.661868 0.000000 0.000000 4.000000 
1.069151 0.000000 0.000000 0.132930 4.000000 
0.000000 0.000000 0.000000 0.000000 0.000000 
0.000000 0.000000 0.000000 0.000000 0.000000 
0.000000 0.000000 0.000000 1.894205 4.000000 
2.009210 0.330256 0.000000 0.563433 4.000000 
0.000000 0.000000 0.000000 0.000000 0.000000 
0.000000 0.000000 0.000000 0.000000 0.000000 
0.000000 0.000000 0.000000 0.000000 0.000000 
1.281374 0.000000 1.217779 0.257854 1.600000 
0.000000 0.000000 0.359746 0.213315 -4.000000 
1.310365 0.000000 0.916835 0.351751 0.000000 
0.518409 0.000000 0.162058 1.301382 -4.000000 
0.962524 0.243738 0.000000 0.152791 0.000000 
0.000000 0.000000 0.000000 0.000000 0.000000 
2.453096 0.000000 0.000000 0.273896 0.000000 
0.357579 0.313523 0.000000 1.949139 -1.600000 
1.285011 0.126154 1.273347 0.511248 6.400000 
0.000000 0.000000 0.000000 0.000000 0.000000 
0.000000 0.000000 0.000000 0.000000 0.000000 
0.000000 0.000000 0.000000 1.205110 0.000000 
2.613595 1.176295 0.000000 2.533552 4.000000 
0.000000 0.000000 0.000000 0.000000 0.000000 
0.000000 0.000000 0.000000 0.000000 0.000000 
0.000000 0.000000 0.000000 0.000000 0.000000 
0.811654 0.000000 0.121620 1.857302 4.000000 
0.000000 0.000000 0.000000 0.000000 -5.920000 
0.000000 0.000000 0.000000 0.182793 0.000000 
1.460872 0.122297 1.275068 1.154979 0.000000 
0.207078 1.789238 0.000000 0.619317 6.400000 
0.000000 0.000000 0.000000 0.000000 0.000000 
1.466405 0.000000 0.000000 0.862878 7.033600 
1.010487 0.000000 0.000000 0.000000 -4.000000 
0.000000 0.000000 0.000000 1.302078 4.000000 
0.000000 0.000000 0.000000 0.000000 0.000000 
0.000000 0.000000 0.000000 0.000000 0.000000 
1.711627 0.000000 0.000000 0.000000 4.000000 
0.905383 1.081979 0.000000 1.191419 0.000000 
0.000000 0.000000 0.000000 0.000000 0.000000 
0.000000 0.000000 0.000000 0.000000 0.000000 
0.000000 0.000000 0.000000 0.000000 0.000000 
0.000000 0.086093 0.000000 2.036758 6.400000 
0.000000 0.000000 0.000000 0.000000 0.000000 
0.152953 0.000000 0.000000 0.340467 -4.000000 
0.000000 0.000000 0.547613 0.865579 0.000000 
1.004433 0.655328 0.590206 1.101426 0.000000 
0.000000 0.000000 0.000000 0.000000 0.000000 
0.000000 1.198050 0.970751 0.000000 0.000000 
0.000000 0.000000 0.000000 -0.023791 1.600000 
0.000000 0.000000 0.000000 0.655436 1.760000 
0.000000 0.000000 0.000000 0.000000 0.000000 
0.000000 0.000000 0.000000 0.000000 0.000000 
1.643953 0.536501 0.000000 0.904777 0.000000 
0.000000 0.339924 0.000000 0.486233 0.000000 
0.000000 0.000000 0.000000 0.000000 0.000000 
0.000000 0.000000 0.000000 0.000000 0.000000 
0.000000 0.000000 0.000000 0.000000 0.000000 
1.086962 3.103593 0.000000 1.911152 -0.160000 
0.000000 0.000000 0.000000 0.730759 -4.000000 
0.383526 0.000000 0.000000 0.398293 0.000000 
0.859546 0.000000 0.000000 1.099106 -4.000000 
0.503820 -0.186382 0.000000 0.690458 -4.000000 
0.000000 0.000000 0.000000 0.000000 0.000000 
0.000000 0.000000 0.000000 0.000000 0.000000 
0.000000 1.276211 0.000000 0.000000 0.000000 
1.279655 0.000000 1.478709 0.919025 0.000000 
0.000000 0.000000 0.000000 0.000000 0.000000 
0.000000 0.000000 0.000000 0.000000 0.000000 
0.000000 0.000000 0.000000 1.080068 0.000000 
1.428053 0.931660 0.000000 1.515785 4.000000 
0.000000 0.000000 0.000000 0.000000 0.000000 
0.000000 0.000000 0.000000 0.000000 0.000000 
0.000000 0.000000 0.000000 0.000000 0.000000 
0.000000 0.000000 0.899859 1.596961 4.000000 
0.000000 0.000000 0.000000 0.000000 0.000000 
1.195614 0.982469 0.000000 0.924037 4.000000 
1.187721 0.000000 0.000000 0.000000 0.000000 
0.792588 0.000000 1.035733 2.220582 -4.000000 
0.000000 0.000000 0.000000 0.000000 0.000000 
1.186088 1.536335 0.000000 0.732051 0.000000 
0.160878 0.000000 0.000000 0.000000 0.000000 
1.011051 1.192037 0.841301 1.236614 4.000000 
0.000000 0.000000 0.000000 0.000000 0.000000 
0.000000 0.000000 0.000000 0.000000 0.000000 
2.416652 0.424472 0.741245 0.000000 4.000000 
1.229928 0.000000 0.000000 0.566666 0.000000 
0.000000 0.000000 0.000000 0.000000 0.000000 
0.000000 0.000000 0.000000 0.000000 0.000000 
0.000000 0.000000 0.000000 0.000000 0.000000 
0.152529 0.000000 0.924688 0.999820 6.400000 
0.520849 0.233386 0.000000 0.270728 -6.976000 
0.970111 0.290295 0.953647 0.882402 -1.996800 
0.551862 0.376813 0.881469 2.080642 0.532006 
1.762141 0.159888 0.214512 3.303331 7.361963 
0.000000 0.000000 0.000000 0.000000 0.000000 
0.000000 0.126881 0.000000 0.121028 6.400000 
0.776161 1.816369 0.539822 0.728859 -1.600000 
0.769795 0.833988 1.419200 2.459285 -6.307840 
0.000000 0.000000 0.000000 0.000000 0.000000 
0.000000 0.000000 0.000000 0.000000 0.000000 
0.136995 1.334783 0.716562 1.650968 -4.000000 
2.418304 1.400771 3.149913 1.742642 -0.177280 
0.000000 0.000000 0.000000 0.000000 0.000000 
0.000000 0.000000 0.000000 0.000000 0.000000 
0.000000 0.000000 0.000000 0.000000 0.000000 
3.408574 3.874642 2.986239 2.220746 9.957916 
0.000000 0.000000 0.000000 0.000000 0.000000 
0.000000 0.000000 0.000000 0.000000 0.000000 
0.000000 0.000000 0.000000 0.000000 0.000000 
0.000000 0.000000 0.000000 0.000000 0.000000 
0.000000 0.000000 0.000000 0.000000 0.000000 
0.000000 0.000000 0.000000 0.000000 0.000000 
0.000000 0.000000 0.000000 0.000000 0.000000 
0.000000 0.000000 0.000000 0.000000 0.000000 
0.000000 0.000000 0.000000 0.000000 0.000000 
0.000000 0.000000 0.000000 0.000000 0.000000 
0.000000 0.000000 0.000000 0.000000 0.000000 
0.000000 0.000000 0.000000 0.000000 0.000000 
0.000000 0.000000 0.000000 0.000000 0.000000 
0.000000 0.000000 0.000000 0.000000 0.000000 
0.000000 0.000000 0.000000 0.000000 0.000000 
0.000000 0.000000 0.000000 0.000000 0.000000 
0.000000 0.000000 0.000000 0.000000 0.000000 
0.000000 0.000000 0.000000 0.000000 0.000000 
0.000000 0.000000 0.000000 0.000000 0.000000 
0.000000 0.000000 0.000000 0.000000 0.000000 
0.000000 0.000000 0.000000 0.000000 0.000000 
0.000000 0.000000 0.000000 0.000000 0.000000 
0.000000 0.000000 0.000000 0.000000 0.000000 
0.000000 0.000000 0.000000 0.000000 0.000000 
0.000000 0.000000 0.000000 0.000000 0.000000 
0.000000 0.000000 0.000000 0.000000 0.000000 
0.000000 0.000000 0.000000 0.000000 0.000000 
0.000000 0.000000 0.000000 0.000000 0.000000 
0.000000 0.000000 0.000000 0.000000 0.000000 
0.000000 0.000000 0.000000 0.000000 0.000000 
0.000000 0.000000 0.000000 0.000000 0.000000 
0.000000 0.000000 0.000000 0.003620 0.000000 
0.000000 0.000000 0.000000 0.000000 0.000000 
0.000000 0.000000 0.000000 0.000000 0.000000 
0.000000 0.000000 0.000000 0.000000 0.000000 
0.000000 0.000000 0.000000 0.000000 0.000000 
0.000000 0.000000 0.000000 0.000000 0.000000 
0.000000 0.000000 0.000000 0.000000 0.000000 
0.000000 0.000000 0.000000 0.000000 0.000000 
0.000000 0.000000 0.000000 0.000000 0.000000 
0.000000 0.000000 0.000000 0.000000 0.000000 
0.000000 0.000000 0.000000 0.000000 0.000000 
0.000000 0.000000 0.000000 0.000000 0.000000 
0.000000 0.000000 0.000000 0.000000 0.000000 
0.000000 0.000000 0.000000 0.000000 0.000000 
0.000000 0.000000 0.000000 0.000000 0.000000 
0.000000 0.000000 0.000000 0.000000 0.000000 
0.000000 0.000000 0.000000 0.000000 0.000000 
0.628573 0.508287 0.824355 0.655639 -7.848809 
1.212124 0.000000 0.000000 0.000000 -4.000000 
0.678706 0.000000 0.000000 0.689864 0.000000 
0.000000 0.000000 0.000000 0.623458 0.000000 
0.000000 0.000000 0.000000 0.000000 0.000000 
1.256705 2.276571 1.527511 3.794760 -1.313714 
1.424537 0.000000 1.905219 0.000000 0.000000 
0.000000 0.000000 0.000000 0.000000 6.400000 
0.000000 0.000000 0.000000 0.000000 0.000000 
0.000000 0.000000 0.000000 0.000000 0.000000 
2.080482 3.624697 1.820915 1.825667 -4.555648 
0.000000 0.000000 0.000000 2.493506 6.400000 
0.000000 0.000000 0.000000 0.000000 0.000000 
0.000000 0.000000 0.000000 0.000000 0.000000 
0.000000 0.000000 0.000000 0.000000 0.000000 
4.052550 1.905602 1.441308 3.107830 6.192079 
0.460297 0.000000 0.000000 0.000000 4.000000 
2.044024 0.000000 -0.027519 1.321077 -4.441600 
0.000000 0.000000 0.000000 0.690288 -4.000000 
0.650382 0.000000 0.258589 0.848116 0.000000 
0.000000 0.000000 0.000000 0.000000 0.000000 
0.000000 0.000000 1.251366 2.659278 6.400000 
1.698796 0.000000 1.164675 1.994354 4.000000 
0.868707 2.060548 0.234292 0.345623 0.000000 
0.000000 0.000000 0.000000 0.000000 0.000000 
0.000000 0.000000 0.000000 0.000000 0.000000 
0.000000 0.000000 0.000000 0.000000 0.000000 
1.193560 0.000000 1.065163 0.961747 4.000000 
0.000000 0.000000 0.000000 0.000000 0.000000 
0.000000 0.000000 0.000000 0.000000 0.000000 
0.000000 0.000000 0.000000 0.000000 0.000000 
1.329199 0.226870 0.000000 1.225296 0.000000 
0.000000 0.000000 0.641783 0.325548 0.000000 
0.000000 0.000000 0.000000 1.376061 0.000000 
1.191832 0.000000 0.000000 0.000000 4.000000 
0.000000 0.000000 0.000000 1.683009 -4.000000 
0.000000 0.000000 0.000000 0.000000 0.000000 
0.000000 0.000000 0.000000 1.195285 0.000000 
0.000000 0.000000 0.000000 1.207232 4.000000 
1.180006 1.204043 0.000000 0.000000 4.000000 
0.000000 0.000000 0.000000 0.000000 0.000000 
0.000000 0.000000 0.000000 0.000000 0.000000 
2.152876 1.247266 0.000000 0.000000 -4.000000 
0.764707 0.907295 0.000000 0.000000 0.000000 
0.000000 0.000000 0.000000 0.000000 0.000000 
0.000000 0.000000 0.000000 0.000000 0.000000 
0.000000 0.000000 0.000000 0.000000 0.000000 
0.000000 0.450554 0.304190 0.972221 0.000000 
0.653839 0.000000 0.000000 0.885783 0.000000 
0.656004 0.000000 0.415717 0.000000 0.000000 
1.164664 0.000000 0.000000 0.842212 -4.000000 
0.000000 0.000000 0.000000 0.900047 -4.000000 
0.000000 0.000000 0.000000 0.000000 0.000000 
0.000000 0.000000 0.000000 0.000000 0.000000 
0.000000 0.000000 0.000000 0.000000 -0.520000 
0.213485 0.000000 0.000000 0.000000 0.000000 
0.000000 0.000000 0.000000 0.000000 0.000000 
0.000000 0.000000 0.000000 0.000000 0.000000 
0.000000 0.134408 0.000000 0.000000 0.000000 
2.986712 1.219196 0.000000 1.847093 4.000000 
0.000000 0.000000 0.000000 0.000000 0.000000 
0.000000 0.000000 0.000000 0.000000 0.000000 
0.000000 0.000000 0.000000 0.000000 0.000000 
0.000000 0.000000 0.000000 2.649920 0.000000 
0.000000 0.000000 0.017939 0.000000 -4.000000 
0.000000 0.912948 0.000000 0.292100 4.000000 
0.853464 0.000000 0.000000 0.000000 -4.000000 
0.000000 0.000000 0.000000 0.342614 0.000000 
0.000000 0.000000 0.000000 0.000000 0.000000 
0.000000 0.000000 0.000000 0.000000 0.000000 
0.000000 0.000000 0.000000 0.489347 7.840000 
1.173806 0.000000 0.515892 -0.180196 0.000000 
0.000000 0.000000 0.000000 0.000000 0.000000 
0.000000 0.000000 0.000000 0.000000 0.000000 
0.000000 0.000000 0.000000 0.000000 0.000000 
0.000000 0.000000 0.000000 0.000000 0.000000 
0.000000 0.000000 0.000000 0.000000 0.000000 
0.000000 0.000000 0.000000 0.000000 0.000000 
0.000000 0.000000 0.000000 0.000000 0.000000 
-0.173436 0.416612 0.213263 0.000000 0.000000 
0.573349 0.000000 1.731319 0.000000 0.000000 
0.000000 0.000000 0.000000 0.000000 -4.000000 
0.000000 0.554346 0.000000 0.537055 0.000000 
0.000000 0.392299 1.005430 0.000000 -5.440000 
0.000000 0.000000 0.000000 0.000000 0.000000 
0.000000 0.000000 0.000000 0.000000 4.000000 
0.000000 0.000000 0.000000 0.000000 0.000000 
0.000000 0.000000 0.000000 0.836032 0.000000 
0.000000 0.000000 0.000000 0.000000 0.000000 
0.000000 0.000000 0.000000 0.000000 0.000000 
0.000000 0.000000 0.000000 0.000000 0.000000 
1.195849 0.438748 0.000000 0.000000 0.000000 
0.000000 0.000000 0.000000 0.000000 0.000000 
0.000000 0.000000 0.000000 0.000000 0.000000 
0.000000 0.000000 0.000000 0.000000 0.000000 
0.000000 0.000000 0.000000 2.628261 4.000000 
0.827948 1.227746 1.911176 -0.102069 -6.400000 
1.038954 0.769641 2.134988 1.050577 -5.200000 
0.530332 0.921983 0.271193 0.774444 -4.862080 
1.847535 1.622384 0.908343 1.200858 -2.586487 
0.000000 0.000000 0.000000 0.000000 0.000000 
0.467034 0.000000 0.782996 1.135334 0.000000 
0.000000 0.559980 0.000000 1.457562 0.000000 
0.858924 0.814237 0.934950 2.089626 2.152038 
0.000000 0.000000 0.000000 0.000000 0.000000 
0.000000 0.000000 0.000000 0.000000 0.000000 
1.003919 2.886158 0.000000 0.585270 0.000000 
0.691692 2.277356 3.967041 2.764252 6.976000 
0.000000 0.000000 0.000000 0.000000 0.000000 
0.000000 0.000000 0.000000 0.000000 0.000000 
0.000000 0.000000 0.000000 0.000000 0.000000 
3.155898 2.605595 1.198170 2.610863 -5.305600 
0.000000 0.000000 0.000000 0.000000 0.000000 
0.000000 0.000000 0.000000 0.000000 0.000000 
0.000000 0.000000 0.000000 0.000000 0.000000 
0.000000 0.000000 0.000000 2.691262 0.000000 
0.000000 0.000000 0.000000 0.000000 0.000000 
0.000000 0.000000 0.000000 0.000000 0.000000 
0.000000 0.000000 0.000000 -0.019165 0.000000 
0.000000 0.000000 0.000000 0.000000 0.000000 
0.000000 0.000000 0.000000 0.000000 0.000000 
0.000000 0.000000 0.000000 0.000000 0.000000 
0.000000 0.000000 0.000000 0.000000 0.000000 
0.000000 0.000000 0.000000 0.000000 0.000000 
0.000000 0.000000 0.000000 0.000000 0.000000 
0.000000 0.000000 0.000000 0.000000 0.000000 
0.000000 0.000000 0.000000 0.000000 0.000000 
0.000000 0.000000 0.000000 0.000000 0.000000 
0.000000 0.000000 0.000000 0.000000 0.000000 
0.000000 0.000000 0.000000 0.000000 0.000000 
0.000000 0.000000 0.000000 0.000000 0.000000 
0.000000 0.000000 0.000000 0.000000 0.000000 
0.000000 0.000000 0.000000 0.000000 0.000000 
0.000000 0.000000 0.000000 0.000000 0.000000 
0.000000 0.000000 0.000000 0.000000 0.000000 
0.000000 0.000000 0.000000 0.000000 0.000000 
0.000000 0.000000 0.000000 0.000000 0.000000 
0.000000 0.000000 0.000000 0.000000 0.000000 
0.000000 0.000000 0.000000 0.000000 0.000000 
0.000000 0.000000 0.000000 0.000000 0.000000 
0.000000 0.000000 0.000000 0.000000 0.000000 
0.000000 0.000000 0.000000 0.000000 0.000000 
0.000000 0.000000 0.000000 0.000000 0.000000 
0.000000 0.000000 0.000000 0.000000 0.000000 
0.000000 0.000000 0.000000 0.000000 0.000000 
0.000000 0.000000 0.000000 0.000000 0.000000 
0.000000 0.000000 0.000000 0.000000 0.000000 
0.000000 0.000000 0.000000 0.000000 0.000000 
0.000000 0.000000 0.000000 0.000000 0.000000 
0.000000 0.000000 0.000000 0.000000 0.000000 
0.000000 0.000000 0.000000 0.000000 0.000000 
0.000000 0.000000 0.000000 0.000000 0.000000 
0.000000 0.000000 0.000000 0.000000 0.000000 
0.000000 0.000000 0.000000 0.000000 0.000000 
0.000000 0.000000 0.000000 0.000000 0.000000 
0.000000 0.000000 0.000000 0.000000 0.000000 
0.000000 0.000000 0.000000 0.000000 0.000000 
0.000000 0.000000 0.000000 0.000000 0.000000 
0.000000 0.000000 0.000000 0.000000 0.000000 
0.000000 0.000000 0.000000 0.000000 0.000000 
0.000000 0.000000 0.000000 0.000000 0.000000 
0.000000 0.000000 0.000000 0.000000 0.000000 
0.000000 0.000000 0.000000 0.000000 0.000000 
0.000000 0.000000 0.000000 0.000000 0.000000 
0.000000 0.000000 0.000000 0.000000 0.000000 
0.000000 0.000000 0.000000 0.000000 0.000000 
0.000000 0.000000 0.000000 0.000000 0.000000 
0.000000 0.000000 0.000000 0.000000 0.000000 
0.000000 0.000000 0.000000 0.000000 0.000000 
0.000000 0.000000 0.000000 0.000000 0.000000 
0.000000 0.000000 0.000000 0.000000 0.000000 
0.000000 0.000000 0.000000 0.000000 0.000000 
0.000000 0.000000 0.000000 0.000000 0.000000 
0.000000 0.000000 0.000000 0.000000 0.000000 
0.000000 0.000000 0.000000 0.000000 0.000000 
0.000000 0.000000 0.000000 0.000000 0.000000 
0.155306 1.491380 0.978181 1.629297 -9.982731 
1.194023 0.000000 2.335318 0.000000 -4.000000 
0.000000 0.000000 0.000000 1.299265 3.168000 
0.000000 0.000000 0.000000 0.670225 0.000000 
0.000000 0.000000 0.000000 0.000000 0.000000 
2.083116 2.872258 1.650948 2.587631 0.704000 
0.097598 1.199962 0.000000 1.174811 -0.480000 
1.377825 0.000000 0.000000 1.215445 0.000000 
0.000000 0.000000 0.000000 0.000000 0.000000 
0.000000 0.000000 0.000000 0.000000 0.000000 
3.775336 1.694864 -0.020304 3.555563 7.759360 
0.728105 0.819234 0.000000 0.854850 0.000000 
0.000000 0.000000 0.000000 0.000000 0.000000 
0.000000 0.000000 0.000000 0.000000 0.000000 
0.000000 0.000000 0.000000 0.000000 0.000000 
2.883286 1.554875 1.298968 0.734740 0.819068 
0.000000 0.000000 0.000000 0.225827 0.000000 
1.053420 0.674647 0.000000 0.384803 -4.000000 
1.112431 0.496215 0.000000 0.000000 0.000000 
0.000000 0.000000 0.444569 0.336666 0.000000 
0.000000 0.000000 0.000000 0.000000 0.000000 
0.000000 1.206244 1.226050 2.005015 6.400000 
0.221435 0.317542 0.000000 0.337129 6.400000 
0.000000 0.654485 0.331593 0.827655 -4.000000 
0.000000 0.000000 0.000000 0.000000 0.000000 
0.000000 0.000000 0.000000 0.000000 0.000000 
0.000000 1.094957 0.000000 0.000000 4.960000 
0.288517 0.000000 0.000000 0.000000 0.000000 
0.000000 0.000000 0.000000 0.000000 0.000000 
0.000000 0.000000 0.000000 0.000000 0.000000 
0.000000 0.000000 0.000000 0.000000 0.000000 
1.635049 2.897287 0.000000 1.195313 -1.600000 
0.487649 0.209987 0.000000 0.000000 0.000000 
0.000000 0.000000 0.000000 1.757313 0.000000 
0.503143 0.939601 0.000000 0.847990 0.000000 
0.000000 0.410115 0.000000 0.937133 -6.400000 
0.000000 0.000000 0.000000 0.000000 0.000000 
0.000000 0.000000 0.000000 1.627505 6.400000 
0.000000 0.000000 0.165113 0.621146 0.000000 
0.717466 0.000000 0.000000 2.023665 0.000000 
0.000000 0.000000 0.000000 0.000000 0.000000 
0.000000 0.000000 0.000000 0.000000 0.000000 
0.000000 0.000000 0.000000 0.000000 0.000000 
0.450791 0.000000 0.266306 1.337294 4.000000 
0.000000 0.000000 0.000000 0.000000 0.000000 
0.000000 0.000000 0.000000 0.000000 0.000000 
0.000000 0.000000 0.000000 0.000000 0.000000 
0.703803 0.183098 0.000000 0.422798 0.000000 
0.000000 0.000000 0.000000 0.000000 0.000000 
0.444705 0.000000 0.000000 0.541464 0.000000 
0.000000 0.000000 0.795045 0.485411 -4.000000 
0.000000 1.206910 1.264330 0.591307 2.600000 
0.000000 0.000000 0.000000 0.000000 0.000000 
0.000000 0.000000 0.000000 0.000000 0.000000 
0.000000 0.000000 0.000000 0.000000 0.000000 
0.000000 0.000000 0.000000 0.000000 0.000000 
0.000000 0.000000 0.000000 0.000000 0.000000 
0.000000 0.000000 0.000000 0.000000 0.000000 
0.000000 0.000000 0.394426 0.000000 0.000000 
0.000000 0.000000 0.000000 0.330001 -4.000000 
0.000000 0.000000 0.000000 0.000000 0.000000 
0.000000 0.000000 0.000000 0.000000 0.000000 
0.000000 0.000000 0.000000 0.000000 0.000000 
0.931090 0.000000 0.000000 0.000000 0.000000 
0.405202 0.000000 0.000000 0.398519 0.000000 
0.060235 0.000000 0.340878 0.000000 -4.000000 
0.416205 0.000000 0.000000 0.000000 -6.400000 
1.282608 0.643920 0.284097 0.351157 -4.000000 
0.000000 0.000000 0.000000 0.000000 0.000000 
0.000000 0.000000 0.000000 0.000000 0.000000 
0.000000 0.000000 0.000000 0.000000 4.000000 
1.358589 0.000000 0.000000 2.324845 4.000000 
0.000000 0.000000 0.000000 0.000000 0.000000 
0.000000 0.000000 0.000000 0.000000 0.000000 
0.000000 0.000000 0.000000 0.000000 0.000000 
0.000000 0.000000 0.000000 0.000000 -4.000000 
0.000000 0.000000 0.000000 0.000000 0.000000 
0.000000 0.000000 0.000000 0.000000 0.000000 
0.000000 0.000000 0.000000 0.000000 0.000000 
0.000000 0.000000 0.000000 0.496619 0.000000 
0.802738 0.859870 0.000000 0.484821 -1.657600 
0.523002 0.703914 1.955731 2.490242 4.850791 
1.257603 -0.058288 1.434825 2.076813 -2.176000 
2.693765 0.344632 0.696656 1.160436 -6.512343 
0.000000 0.000000 0.000000 0.000000 0.000000 
0.000000 0.000000 0.000000 0.000000 4.272000 
0.972551 0.000000 0.000000 0.000000 4.000000 
1.940798 0.000000 2.115222 1.625693 -4.744000 
0.000000 0.000000 0.000000 0.000000 0.000000 
0.000000 0.000000 0.000000 0.000000 0.000000 
0.000000 0.502810 0.000000 0.000000 4.000000 
0.418637 -0.095510 0.000000 0.000000 6.400000 
0.000000 0.000000 0.000000 0.000000 0.000000 
0.000000 0.000000 0.000000 0.000000 0.000000 
0.000000 0.000000 0.000000 0.000000 0.000000 
1.019994 3.891168 3.159687 2.062000 1.909973 
0.000000 0.000000 0.000000 0.000000 0.000000 
0.000000 0.000000 0.000000 0.000000 0.000000 
0.000000 0.000000 0.000000 0.000000 0.000000 
0.000000 0.000000 0.000000 0.000000 0.000000 
0.000000 0.000000 0.000000 0.000000 0.000000 
0.000000 0.000000 0.000000 0.000000 0.000000 
0.000000 0.000000 0.000000 0.000000 0.000000 
0.000000 0.000000 0.000000 0.000000 0.000000 
0.000000 0.000000 0.000000 0.000000 0.000000 
0.000000 0.000000 0.000000 0.000000 0.000000 
0.000000 0.000000 0.000000 0.000000 0.000000 
0.000000 0.000000 0.000000 0.000000 0.000000 
0.000000 0.000000 0.000000 0.000000 0.000000 
0.000000 0.000000 0.000000 0.000000 0.000000 
0.000000 0.000000 0.000000 0.000000 0.000000 
0.000000 0.000000 0.000000 0.000000 0.000000 
0.000000 0.000000 0.000000 0.000000 0.000000 
0.000000 0.000000 0.000000 0.000000 0.000000 
0.000000 0.000000 0.000000 0.000000 0.000000 
0.608646 0.000000 0.000000 0.000000 0.000000 
0.000000 0.000000 0.000000 0.000000 0.000000 
0.000000 0.000000 0.000000 0.000000 0.000000 
0.000000 0.000000 0.000000 0.000000 0.000000 
0.000000 0.000000 0.000000 0.000000 0.000000 
0.000000 0.000000 0.000000 0.000000 0.000000 
0.000000 0.000000 0.000000 0.000000 0.000000 
0.000000 0.000000 0.000000 0.000000 0.000000 
0.000000 0.000000 0.000000 0.000000 0.000000 
0.000000 0.000000 0.000000 0.000000 0.000000 
0.000000 0.000000 0.000000 0.000000 0.000000 
0.000000 0.000000 0.000000 0.000000 0.000000 
0.000000 0.000000 0.000000 0.000000 0.000000 
0.000000 0.000000 0.000000 0.000000 0.000000 
0.000000 0.000000 0.000000 0.000000 0.000000 
0.000000 0.000000 0.000000 0.000000 0.000000 
0.000000 0.000000 0.000000 0.000000 0.000000 
0.000000 0.000000 0.000000 0.000000 0.000000 
0.000000 0.000000 0.000000 0.000000 0.000000 
0.000000 0.000000 0.000000 0.000000 0.000000 
0.000000 0.000000 0.000000 0.000000 0.000000 
0.000000 0.000000 0.000000 0.000000 0.000000 
0.000000 0.000000 0.000000 0.000000 0.000000 
0.000000 0.000000 0.000000 0.000000 0.000000 
0.000000 0.000000 0.000000 0.000000 4.000000 
0.000000 0.000000 0.000000 0.000000 0.000000 
0.000000 0.000000 0.000000 0.000000 0.000000 
0.000000 0.000000 0.000000 0.000000 0.000000 
1.702122 0.679378 0.823978 0.000000 0.000000 
0.000000 0.000000 0.000000 0.000000 0.000000 
0.000000 0.000000 0.000000 0.000000 0.000000 
0.000000 0.000000 0.000000 0.000000 0.000000 
0.000000 0.000000 0.000000 0.000000 0.000000 
0.000000 0.000000 0.000000 0.000000 0.000000 
0.000000 0.000000 0.000000 0.000000 0.000000 
0.000000 0.000000 0.000000 0.000000 0.000000 
0.000000 0.000000 0.000000 0.000000 0.000000 
0.000000 0.000000 0.000000 0.000000 0.000000 
0.000000 0.000000 0.000000 0.000000 0.000000 
0.000000 0.000000 0.000000 0.000000 0.000000 
0.000000 0.000000 0.000000 0.000000 0.000000 
0.000000 0.000000 0.000000 0.000000 0.000000 
0.000000 0.000000 0.000000 0.000000 0.000000 
0.000000 0.000000 0.000000 0.000000 0.000000 
0.000000 0.416559 0.000000 0.000000 0.000000 
0.000000 0.000000 0.000000 0.000000 0.000000 
0.000000 0.000000 0.000000 0.000000 0.000000 
0.000000 0.000000 0.000000 0.000000 0.000000 
0.000000 0.000000 0.000000 0.000000 0.000000 
0.000000 0.000000 0.000000 0.000000 0.000000 
0.000000 0.000000 0.000000 0.000000 0.000000 
0.000000 0.000000 0.000000 0.000000 0.000000 
0.000000 0.000000 0.000000 0.000000 0.000000 
0.000000 0.000000 0.000000 0.000000 0.000000 
0.000000 0.000000 0.000000 0.000000 0.000000 
0.000000 0.000000 0.000000 0.000000 0.000000 
0.000000 0.000000 0.000000 0.000000 0.000000 
0.000000 0.000000 0.000000 0.000000 0.000000 
0.000000 0.000000 0.000000 0.000000 0.000000 
0.000000 0.000000 0.000000 0.000000 0.000000 
0.000000 0.000000 0.000000 0.000000 0.000000 
1.040018 1.994469 1.312900 0.926388 -9.685413 
2.552540 0.000000 0.000000 0.000000 0.000000 
0.000000 0.000000 0.000000 0.000000 0.000000 
0.000000 0.000000 0.365944 0.000000 4.000000 
0.000000 0.000000 0.000000 0.000000 0.000000 
0.669227 1.460603 0.466697 1.243858 -3.641399 
1.273609 1.185492 0.000000 0.000000 0.000000 
0.898780 0.000000 0.000000 0.001647 0.000000 
0.000000 0.000000 0.000000 0.000000 0.000000 
0.000000 0.000000 0.000000 0.000000 0.000000 
1.670639 1.907006 1.465681 1.111119 -6.582016 
0.438357 1.505726 0.000000 0.000000 0.000000 
0.000000 0.000000 0.000000 0.000000 0.000000 
0.000000 0.000000 0.000000 0.000000 0.000000 
0.000000 0.000000 0.000000 0.000000 0.000000 
1.511056 1.643285 2.917913 1.605125 -4.205854 
0.382472 0.000000 0.000000 0.253547 0.000000 
1.969839 0.000000 0.000000 1.782039 4.000000 
0.000000 1.883061 0.000000 0.000000 -4.000000 
0.000000 0.000000 1.968610 0.000000 0.000000 
0.000000 0.000000 0.000000 0.000000 0.000000 
0.000000 -0.021888 0.000000 0.000000 0.000000 
0.412855 0.000000 0.836323 0.000000 4.000000 
0.000000 0.000000 0.000000 2.009296 4.000000 
0.000000 0.000000 0.000000 0.000000 0.000000 
0.000000 0.000000 0.000000 0.000000 0.000000 
2.286652 0.000000 0.000000 0.000000 5.440000 
0.485710 1.528202 0.000000 0.000000 4.000000 
0.000000 0.000000 0.000000 0.000000 0.000000 
0.000000 0.000000 0.000000 0.000000 0.000000 
0.000000 0.000000 0.000000 0.000000 0.000000 
0.799965 1.601228 0.000000 1.289387 0.000000 
0.000000 0.000000 -0.021606 0.042762 -4.000000 
0.292482 0.000000 0.000000 0.481760 0.000000 
0.085113 0.000000 0.000000 0.594628 0.000000 
2.621424 0.000000 0.000000 1.008690 6.400000 
0.000000 0.000000 0.000000 0.000000 0.000000 
0.000000 0.000000 0.000000 0.000000 0.000000 
0.000000 0.270535 0.000000 1.806632 -4.000000 
0.000000 0.000000 0.000000 0.000000 0.000000 
0.000000 0.000000 0.000000 0.000000 0.000000 
0.000000 0.000000 0.000000 0.000000 0.000000 
0.299646 0.000000 0.000000 0.000000 5.800000 
0.000000 0.000000 0.000000 0.997203 0.000000 
0.000000 0.000000 0.000000 0.000000 0.000000 
0.000000 0.000000 0.000000 0.000000 0.000000 
0.000000 0.000000 0.000000 0.000000 0.000000 
3.841768 0.000000 0.000000 0.634481 4.960000 
0.000000 0.000000 0.000000 0.000000 0.000000 
0.240853 0.000000 0.000000 0.189465 0.000000 
0.399838 0.000000 0.000000 0.000000 0.000000 
1.363385 0.000000 0.220807 1.118470 -6.400000 
0.000000 0.000000 0.000000 0.000000 0.000000 
0.000000 0.000000 0.000000 0.000000 4.000000 
0.000000 0.000000 0.000000 0.000000 4.000000 
0.000000 0.977810 0.000000 1.039940 0.000000 
0.000000 0.000000 0.000000 0.000000 0.000000 
0.000000 0.000000 0.000000 0.000000 0.000000 
0.000000 0.000000 0.000000 0.000000 0.000000 
0.000000 0.000000 0.000000 0.000000 -1.600000 
0.000000 0.000000 0.000000 0.000000 0.000000 
0.000000 0.000000 0.000000 0.000000 0.000000 
0.000000 0.000000 0.000000 0.000000 0.000000 
1.930077 0.000000 0.000000 2.762400 5.800000 
0.358302 0.434593 1.554363 0.273239 -7.480000 
0.921799 0.353556 0.004997 0.614074 -4.061440 
0.652279 1.052750 3.321584 1.801689 1.222401 
0.193641 1.227187 2.250345 0.974351 -0.557189 
0.000000 0.000000 0.000000 0.000000 0.000000 
0.164730 0.000000 0.304287 0.000000 -1.600000 
0.101587 0.000000 0.000000 1.324701 4.000000 
1.271243 0.000000 0.288542 0.914002 1.600000 
0.000000 0.000000 0.000000 0.000000 0.000000 
0.000000 0.000000 0.000000 0.000000 0.000000 
0.000000 0.000000 0.000000 0.000000 0.000000 
0.558214 0.284449 0.430263 2.161963 6.400000 
0.000000 0.000000 0.000000 0.000000 0.000000 
0.000000 0.000000 0.000000 0.000000 0.000000 
0.000000 0.000000 0.000000 0.000000 0.000000 
3.429282 1.315041 1.063195 4.624626 9.379995 
0.000000 0.000000 0.000000 0.000000 0.000000 
0.000000 0.000000 0.000000 0.000000 0.000000 
0.000000 0.000000 0.000000 0.000000 0.000000 
0.000000 0.000000 0.000000 0.000000 0.000000 
0.000000 0.000000 0.000000 0.000000 0.000000 
0.000000 0.000000 0.000000 0.000000 0.000000 
0.000000 0.000000 0.000000 0.000000 0.000000 
0.000000 0.000000 0.000000 0.000000 0.000000 
0.000000 0.000000 0.000000 0.000000 0.000000 
0.000000 0.000000 0.000000 0.000000 0.000000 
0.000000 0.000000 0.000000 0.000000 0.000000 
0.000000 0.000000 0.000000 0.000000 0.000000 
0.000000 0.000000 0.000000 0.000000 0.000000 
0.000000 0.000000 0.000000 0.000000 0.000000 
0.000000 0.000000 0.000000 0.000000 0.000000 
0.362908 0.180819 1.235122 0.217401 0.000000 
0.000000 0.000000 0.000000 0.000000 0.000000 
0.000000 0.000000 0.000000 0.000000 0.000000 
0.000000 0.000000 0.000000 0.000000 0.000000 
0.000000 0.000000 0.000000 0.000000 0.000000 
0.000000 0.000000 0.000000 0.000000 0.000000 
0.000000 0.000000 0.000000 0.000000 0.000000 
0.000000 0.000000 0.000000 0.000000 0.000000 
0.000000 0.000000 0.000000 0.000000 0.000000 
0.000000 0.000000 0.000000 0.000000 0.000000 
0.000000 0.000000 0.000000 0.000000 0.000000 
0.000000 0.000000 0.000000 0.000000 0.000000 
0.000000 0.000000 0.000000 0.000000 0.000000 
0.000000 0.000000 0.000000 0.000000 0.000000 
0.000000 0.000000 0.000000 0.000000 0.000000 
0.000000 0.000000 0.000000 0.000000 0.000000 
0.000000 0.000000 0.000000 0.000000 0.000000 
0.000000 0.000000 0.000000 0.000000 0.000000 
0.000000 0.000000 0.000000 0.000000 0.000000 
0.000000 0.000000 0.000000 0.000000 0.000000 
0.000000 0.000000 0.000000 0.000000 0.000000 
0.000000 0.000000 0.000000 0.000000 0.000000 
0.000000 0.000000 0.000000 0.000000 0.000000 
0.000000 0.000000 0.000000 0.000000 0.000000 
0.000000 0.000000 0.000000 0.000000 0.000000 
0.000000 0.000000 0.000000 0.000000 0.000000 
0.000000 0.000000 0.000000 0.000000 0.000000 
0.000000 0.000000 0.000000 0.250364 0.000000 
0.000000 0.000000 0.000000 0.000000 0.000000 
0.000000 0.000000 0.000000 0.000000 0.000000 
0.000000 0.000000 0.000000 0.000000 0.000000 
0.000000 0.000000 0.000000 0.000000 0.000000 
0.000000 0.000000 0.000000 0.000000 0.000000 
0.000000 0.000000 0.000000 0.000000 0.000000 
0.000000 0.000000 0.000000 0.000000 0.000000 
0.000000 0.000000 0.000000 0.000000 0.000000 
0.000000 0.000000 0.000000 0.000000 0.000000 
0.000000 0.000000 0.000000 0.000000 0.000000 
0.000000 0.000000 0.000000 0.000000 0.000000 
0.000000 0.000000 0.000000 0.000000 0.000000 
0.000000 0.000000 0.000000 0.000000 0.000000 
0.000000 0.000000 0.000000 0.000000 0.000000 
0.000000 0.000000 0.000000 0.000000 0.000000 
0.000000 0.000000 0.000000 0.000000 0.000000 
0.000000 0.000000 0.000000 0.000000 0.000000 
0.000000 0.000000 0.000000 0.000000 0.000000 
0.000000 0.000000 0.000000 0.000000 0.000000 
0.000000 0.000000 0.000000 0.000000 0.000000 
0.000000 0.000000 0.000000 0.000000 0.000000 
0.000000 0.000000 0.000000 0.000000 0.000000 
0.000000 0.000000 0.000000 0.000000 0.000000 
0.000000 0.000000 0.000000 0.000000 0.000000 
0.000000 0.000000 0.000000 0.000000 4.000000 
0.000000 0.000000 0.000000 0.000000 0.000000 
0.000000 0.000000 0.000000 0.000000 0.000000 
0.000000 0.000000 0.000000 0.000000 0.000000 
0.000000 0.000000 0.000000 0.000000 0.000000 
0.000000 0.000000 0.000000 0.000000 0.000000 
0.000000 0.000000 0.000000 0.000000 0.000000 
0.000000 0.000000 0.000000 0.000000 0.000000 
0.000000 0.000000 0.000000 0.000000 0.000000 
0.000000 0.000000 0.000000 0.000000 0.000000 
0.000000 0.000000 0.000000 0.000000 0.000000 
0.000000 0.000000 0.000000 0.000000 0.000000 
0.000000 0.000000 0.000000 1.386739 0.000000 
0.000000 0.000000 0.000000 0.000000 0.000000 
0.000000 0.000000 0.000000 0.000000 0.000000 
0.000000 0.000000 0.000000 0.000000 0.000000 
0.000000 0.000000 0.000000 0.000000 0.000000 
0.000000 0.000000 0.000000 0.000000 0.000000 
0.000000 0.000000 0.000000 0.000000 0.000000 
0.000000 0.000000 0.000000 0.000000 0.000000 
0.000000 0.000000 0.000000 0.000000 0.000000 
0.000000 0.000000 0.000000 0.000000 0.000000 
0.000000 0.000000 0.000000 0.000000 0.000000 
0.000000 0.000000 0.000000 0.000000 0.000000 
0.000000 0.000000 0.000000 0.000000 0.000000 
0.000000 0.000000 0.000000 0.000000 0.000000 
0.000000 0.000000 0.000000 0.000000 0.000000 
0.000000 0.000000 0.000000 0.000000 0.000000 
0.000000 0.000000 0.000000 0.000000 0.000000 
0.611051 0.652513 0.792806 1.319708 -9.881601 
0.000000 0.000000 0.000000 0.284631 0.000000 
0.000000 0.000000 0.000000 0.000000 4.000000 
0.768556 0.386033 0.000000 0.693369 -0.160000 
0.000000 0.000000 0.000000 0.000000 0.000000 
2.953777 1.712341 0.447140 1.380409 6.342400 
0.000000 0.000000 0.000000 0.000000 4.000000 
0.000000 0.000000 0.000000 0.000000 0.000000 
0.000000 0.000000 0.000000 0.000000 0.000000 
0.000000 0.000000 0.000000 0.000000 0.000000 
1.932344 0.000000 2.333436 1.199970 4.000000 
0.000000 0.000000 0.000000 0.000000 0.000000 
0.000000 0.000000 0.000000 0.000000 0.000000 
0.000000 0.000000 0.000000 0.000000 0.000000 
0.000000 0.000000 0.000000 0.000000 0.000000 
1.410382 0.000000 0.000000 2.433210 1.862134 
0.000000 0.000000 0.000000 0.507092 4.000000 
0.306692 0.000000 0.000000 0.000000 0.000000 
1.221020 0.000000 0.000000 0.000000 0.000000 
0.000000 2.439764 0.348286 0.223337 0.000000 
0.000000 0.000000 0.000000 0.000000 0.000000 
0.000000 0.000000 0.000000 0.000000 0.000000 
-0.017197 0.000000 0.000000 0.000000 0.000000 
0.349076 0.000000 0.000000 0.106700 -4.000000 
0.000000 0.000000 0.000000 0.000000 0.000000 
0.000000 0.000000 0.000000 0.000000 0.000000 
0.000000 1.454852 0.773402 1.660866 -4.000000 
0.000000 0.000000 0.000000 2.394970 0.000000 
0.000000 0.000000 0.000000 0.000000 0.000000 
0.000000 0.000000 0.000000 0.000000 0.000000 
0.000000 0.000000 0.000000 0.000000 0.000000 
3.667086 1.128178 0.000000 2.054667 -4.000000 
0.000000 0.120474 -0.083612 0.000000 0.000000 
0.102415 0.000000 0.000000 0.933043 0.000000 
0.605438 0.000000 0.000000 0.000000 -1.600000 
0.171787 0.409750 1.181795 0.149266 -6.400000 
0.000000 0.000000 0.000000 0.000000 0.000000 
0.000000 0.349814 0.000000 0.000000 0.000000 
0.000000 0.337561 0.000000 0.000000 0.000000 
1.520940 0.000000 0.000000 0.000000 0.000000 
0.000000 0.000000 0.000000 0.000000 0.000000 
0.000000 0.000000 0.000000 0.000000 0.000000 
0.000000 0.000000 0.000000 0.000000 0.000000 
1.190228 0.147022 0.000000 1.207697 0.000000 
0.000000 0.000000 0.000000 0.000000 0.000000 
0.000000 0.000000 0.000000 0.000000 0.000000 
0.000000 0.000000 0.000000 0.000000 0.000000 
1.232839 0.995015 2.252118 2.068696 6.400000 
0.544605 0.348068 -0.827121 0.928899 -1.600000 
-0.317191 0.375439 0.000000 -0.496320 -6.400000 
0.371121 0.285847 0.000000 1.081408 1.240000 
0.925571 0.878711 -0.331314 1.263317 -6.080103 
0.000000 0.000000 0.000000 0.000000 0.000000 
0.039451 0.059457 0.000000 0.442174 0.000000 
0.000000 0.000000 0.000000 0.000000 0.000000 
2.969425 1.103545 2.262235 2.941272 3.304039 
0.000000 0.000000 0.000000 0.000000 0.000000 
0.000000 0.000000 0.000000 0.000000 0.000000 
0.000000 0.000000 0.000000 0.000000 6.400000 
1.267897 0.000000 1.188143 0.336679 3.904000 
0.000000 0.000000 0.000000 0.000000 0.000000 
0.000000 0.000000 0.000000 0.000000 0.000000 
0.000000 0.000000 0.000000 0.000000 0.000000 
2.490819 0.454185 2.917023 1.898048 4.500160 
0.000000 0.000000 0.000000 0.000000 0.000000 
0.000000 0.000000 0.000000 0.000000 0.000000 
0.000000 0.000000 0.000000 0.000000 0.000000 
0.000000 0.000000 0.000000 0.000000 0.000000 
0.000000 0.000000 0.000000 0.000000 0.000000 
0.000000 0.000000 0.000000 0.000000 0.000000 
0.000000 0.000000 0.000000 0.000000 0.000000 
0.000000 0.000000 0.000000 0.000000 0.000000 
0.000000 0.000000 0.000000 0.000000 0.000000 
0.000000 0.000000 0.000000 0.000000 0.000000 
0.000000 0.000000 0.000000 0.000000 0.000000 
0.000000 0.000000 0.000000 0.000000 -4.000000 
0.000000 0.000000 0.000000 0.000000 0.000000 
0.000000 0.000000 0.000000 0.000000 0.000000 
0.000000 0.000000 0.000000 0.000000 0.000000 
0.194144 0.000000 1.964852 0.000000 4.000000 
0.000000 0.000000 0.000000 0.000000 0.000000 
0.000000 0.000000 0.000000 0.000000 0.000000 
0.000000 0.000000 0.000000 0.000000 0.000000 
0.000000 0.000000 0.000000 0.000000 0.000000 
0.000000 0.000000 0.000000 0.000000 0.000000 
0.000000 0.000000 0.000000 0.000000 0.000000 
0.000000 0.000000 0.000000 0.000000 0.000000 
0.000000 0.000000 0.000000 0.000000 0.000000 
0.000000 0.000000 0.000000 0.000000 0.000000 
0.000000 0.000000 0.000000 0.000000 0.000000 
0.315664 0.000000 0.000000 1.477029 0.000000 
0.000000 0.000000 0.000000 0.000000 0.000000 
0.000000 0.000000 0.000000 0.000000 0.000000 
0.000000 0.000000 0.000000 0.000000 0.000000 
0.000000 0.000000 0.000000 0.000000 0.000000 
0.000000 0.000000 0.000000 0.000000 0.000000 
0.000000 0.000000 0.000000 0.000000 0.000000 
0.000000 0.000000 0.000000 0.000000 0.000000 
0.000000 0.000000 0.000000 0.000000 0.000000 
0.000000 0.000000 0.000000 0.000000 0.000000 
0.000000 0.000000 0.000000 0.000000 0.000000 
0.000000 0.000000 0.000000 0.000000 0.000000 
0.000000 0.000000 0.000000 0.000000 0.000000 
-0.014955 0.000000 0.000000 0.000000 0.000000 
0.000000 0.000000 0.000000 0.000000 0.000000 
0.000000 0.000000 0.000000 0.000000 0.000000 
0.664237 0.000000 0.000000 0.000000 0.000000 
0.000000 0.000000 0.000000 0.000000 0.000000 
0.000000 0.000000 0.000000 0.000000 0.000000 
0.000000 0.000000 0.000000 0.000000 0.000000 
0.000000 0.000000 0.000000 0.000000 0.000000 
-0.130659 0.000000 0.000000 0.000000 0.000000 
0.000000 0.000000 0.000000 0.000000 0.000000 
0.000000 0.000000 0.000000 0.000000 0.000000 
0.000000 0.000000 0.000000 0.000000 0.000000 
0.000000 0.000000 0.000000 0.000000 0.000000 
0.000000 0.000000 0.000000 0.000000 0.000000 
0.000000 0.000000 0.000000 0.000000 0.000000 
0.000000 0.000000 0.000000 0.000000 0.000000 
0.000000 0.000000 0.000000 0.000000 0.000000 
0.000000 0.000000 0.000000 0.000000 0.000000 
0.000000 0.000000 0.000000 0.000000 0.000000 
0.000000 0.000000 0.000000 0.000000 0.000000 
0.000000 0.000000 0.000000 0.000000 0.000000 
0.000000 0.000000 0.000000 0.000000 0.000000 
0.000000 0.000000 0.000000 0.000000 0.000000 
0.000000 0.000000 0.000000 0.000000 0.000000 
1.513782 0.000000 0.000000 0.000000 4.000000 
0.000000 0.000000 0.000000 0.000000 0.000000 
0.000000 0.000000 0.000000 0.000000 0.000000 
0.000000 0.000000 0.000000 0.000000 0.000000 
0.000000 0.000000 0.000000 0.000000 0.000000 
0.000000 0.000000 0.000000 0.000000 0.000000 
0.000000 0.000000 0.000000 0.000000 0.000000 
0.000000 0.000000 0.000000 0.000000 0.000000 
0.000000 0.000000 0.000000 0.000000 0.000000 
0.000000 0.000000 0.000000 0.000000 0.000000 
0.000000 0.000000 0.000000 0.000000 0.000000 
0.000000 0.000000 0.000000 0.000000 0.000000 
0.000000 0.000000 0.000000 0.000000 0.000000 
0.000000 0.000000 0.000000 0.000000 0.000000 
0.000000 0.000000 0.000000 0.000000 0.000000 
0.000000 0.000000 0.000000 0.000000 0.000000 
0.000000 0.000000 0.000000 0.000000 0.000000 
0.000000 0.000000 0.000000 0.000000 0.000000 
0.000000 0.000000 0.000000 0.000000 0.000000 
0.000000 0.000000 0.000000 0.000000 0.000000 
0.000000 0.000000 0.000000 0.000000 0.000000 
0.000000 0.000000 0.000000 0.000000 0.000000 
0.000000 0.000000 0.000000 0.000000 0.000000 
0.000000 0.000000 0.000000 0.000000 0.000000 
0.000000 0.000000 0.000000 0.000000 0.000000 
0.000000 0.000000 0.000000 0.000000 0.000000 
0.000000 0.000000 0.000000 0.000000 0.000000 
0.000000 0.000000 0.000000 0.000000 0.000000 
0.000000 0.000000 0.000000 0.000000 0.000000 
0.000000 0.000000 0.000000 0.000000 0.000000 
0.000000 0.000000 0.000000 0.000000 0.000000 
0.000000 0.000000 0.000000 0.000000 0.000000 
0.000000 0.000000 0.000000 0.000000 0.000000 
0.000000 0.000000 0.000000 1.464676 0.000000 
0.000000 0.000000 0.000000 0.000000 0.000000 
0.000000 0.000000 0.000000 0.000000 0.000000 
0.000000 0.000000 0.000000 0.000000 0.000000 
0.000000 0.000000 0.000000 0.000000 0.000000 
0.000000 0.000000 0.000000 0.000000 0.000000 
0.000000 0.000000 0.000000 0.000000 0.000000 
0.000000 0.000000 0.000000 0.000000 0.000000 
0.000000 0.000000 0.000000 0.000000 0.000000 
0.000000 0.000000 0.000000 0.000000 0.000000 
0.000000 0.000000 0.000000 0.000000 0.000000 
0.000000 0.000000 0.000000 0.000000 0.000000 
0.000000 0.000000 0.000000 0.000000 0.000000 
0.000000 0.000000 0.000000 0.000000 0.000000 
0.000000 0.000000 0.000000 0.000000 0.000000 
0.000000 0.000000 0.000000 0.000000 0.000000 
2.314104 0.846062 0.533947 1.040619 -3.914262 
0.000000 0.000000 1.471907 0.000000 -4.000000 
0.000000 0.000000 0.000000 0.000000 0.000000 
0.428052 0.000000 0.268594 0.470628 -4.000000 
0.000000 0.000000 0.000000 0.000000 0.000000 
1.876034 0.000000 1.833440 1.679687 4.000000 
1.276034 0.000000 0.000000 0.771749 4.000000 
-0.048169 0.000000 0.000000 1.193573 0.000000 
0.000000 0.000000 0.000000 0.000000 0.000000 
0.000000 0.000000 0.000000 0.000000 0.000000 
1.169802 0.000000 2.276995 1.650721 5.824000 
0.000000 0.000000 0.000000 0.000000 0.000000 
0.000000 0.000000 0.000000 0.000000 0.000000 
0.000000 0.000000 0.000000 0.000000 0.000000 
0.000000 0.000000 0.000000 0.000000 0.000000 
1.136426 1.826646 0.615179 2.218387 4.480000 
0.000000 0.000000 0.000000 0.799124 4.000000 
0.000000 0.000000 0.000000 0.000000 0.000000 
0.000000 0.000000 0.000000 0.517971 0.000000 
0.590923 0.780237 0.732286 0.477037 0.000000 
0.000000 0.000000 0.000000 0.000000 0.000000 
0.000000 0.000000 0.911510 0.000000 -4.000000 
0.000000 0.000000 0.000000 0.456225 0.000000 
0.000000 0.000000 0.000000 0.328989 0.000000 
0.000000 0.000000 0.000000 0.000000 0.000000 
0.000000 0.000000 0.000000 0.000000 0.000000 
0.000000 0.000000 1.296590 0.000000 0.000000 
1.305230 0.000000 0.000000 0.000000 0.000000 
0.000000 0.000000 0.000000 0.000000 0.000000 
0.000000 0.000000 0.000000 0.000000 0.000000 
0.000000 0.000000 0.000000 0.000000 0.000000 
2.175719 0.146238 0.000000 0.000000 -1.600000 
1.840038 0.000000 0.000000 0.812355 -0.505600 
1.250013 0.000000 0.000000 0.000000 1.600000 
0.173427 0.000000 0.184451 0.000000 -6.400000 
0.290425 0.689103 0.551385 -0.009024 -9.647099 
0.000000 0.000000 0.000000 0.000000 0.000000 
0.000000 0.000000 0.000000 0.000000 0.000000 
0.318186 0.000000 0.000000 0.921044 4.000000 
1.571527 0.713400 1.186234 0.626468 1.600000 
0.000000 0.000000 0.000000 0.000000 0.000000 
0.000000 0.000000 0.000000 0.000000 0.000000 
1.793240 0.000000 0.000000 0.000000 6.400000 
0.504078 0.000000 0.000000 2.356231 6.400000 
0.000000 0.000000 0.000000 0.000000 0.000000 
0.000000 0.000000 0.000000 0.000000 0.000000 
0.000000 0.000000 0.000000 0.000000 0.000000 
1.093981 2.080363 1.528386 1.711949 8.178688 
0.000000 0.000000 0.000000 0.000000 0.000000 
0.000000 0.000000 0.000000 0.000000 0.000000 
0.000000 0.000000 0.000000 0.000000 0.000000 
0.000000 0.000000 0.000000 0.000000 0.000000 
0.000000 0.000000 0.000000 0.000000 0.000000 
0.000000 0.000000 0.000000 0.000000 0.000000 
0.000000 0.000000 0.000000 0.000000 0.000000 
0.000000 0.000000 0.000000 0.000000 0.000000 
0.000000 0.000000 0.000000 0.000000 0.000000 
0.000000 0.000000 0.000000 0.000000 0.000000 
0.000000 0.000000 0.000000 0.000000 0.000000 
0.000000 0.000000 0.000000 0.000000 0.000000 
0.000000 0.000000 0.000000 0.000000 0.000000 
0.000000 0.000000 0.000000 0.000000 0.000000 
0.000000 0.000000 0.000000 0.000000 0.000000 
3.272124 0.459884 0.000000 0.498678 0.000000 
0.000000 0.000000 0.000000 0.000000 0.000000 
0.000000 0.000000 0.000000 0.000000 0.000000 
0.000000 0.000000 0.000000 0.000000 0.000000 
0.000000 0.000000 0.000000 0.000000 0.000000 
0.000000 0.000000 0.000000 0.000000 0.000000 
0.000000 0.000000 0.000000 0.000000 0.000000 
0.000000 0.000000 0.000000 0.000000 0.000000 
0.000000 0.000000 0.000000 0.000000 0.000000 
0.000000 0.000000 0.000000 0.000000 0.000000 
0.000000 0.000000 0.000000 0.000000 0.000000 
0.000000 0.000000 0.000000 0.000000 0.000000 
0.000000 0.000000 0.000000 0.000000 0.000000 
0.000000 0.000000 0.000000 0.000000 0.000000 
0.000000 0.000000 0.000000 0.000000 0.000000 
0.000000 0.000000 0.000000 0.000000 0.000000 
0.000000 0.000000 0.000000 0.000000 0.000000 
0.000000 0.000000 0.000000 0.000000 0.000000 
0.000000 0.000000 0.000000 0.000000 0.000000 
0.000000 0.000000 0.000000 0.000000 0.000000 
0.000000 0.000000 0.000000 0.000000 0.000000 
0.000000 0.000000 0.000000 0.000000 0.000000 
0.000000 0.000000 0.000000 0.000000 0.000000 
0.000000 0.000000 0.000000 0.000000 0.000000 
0.000000 0.000000 0.000000 0.000000 0.000000 
0.000000 0.000000 0.000000 0.000000 0.000000 
0.000000 0.000000 0.000000 0.000000 0.000000 
0.000000 0.000000 0.000000 0.000000 0.000000 
0.000000 0.000000 0.000000 0.000000 0.000000 
0.000000 0.000000 0.000000 0.000000 0.000000 
0.000000 0.000000 0.000000 0.000000 0.000000 
0.000000 0.000000 0.000000 0.000000 0.000000 
0.000000 0.000000 0.000000 0.000000 4.000000 
0.000000 0.000000 0.000000 0.000000 0.000000 
0.000000 0.000000 0.000000 0.000000 0.000000 
0.000000 0.000000 0.000000 0.000000 0.000000 
0.000000 0.000000 0.000000 0.000000 0.000000 
0.000000 0.000000 0.000000 0.000000 0.000000 
0.000000 0.000000 0.000000 0.000000 0.000000 
0.000000 0.000000 0.000000 0.000000 0.000000 
0.000000 0.000000 0.000000 0.000000 0.000000 
0.000000 0.000000 0.000000 0.000000 0.000000 
0.000000 0.000000 0.000000 0.000000 0.000000 
0.000000 0.000000 0.000000 0.000000 0.000000 
0.000000 0.000000 0.000000 0.000000 0.000000 
0.000000 0.000000 0.000000 0.000000 0.000000 
0.000000 0.000000 0.000000 0.000000 0.000000 
0.000000 0.000000 0.000000 0.000000 0.000000 
0.000000 0.000000 0.000000 0.000000 0.000000 
0.000000 0.000000 0.000000 0.000000 0.000000 
0.000000 0.000000 0.000000 0.000000 0.000000 
0.000000 0.000000 0.000000 0.000000 0.000000 
0.000000 0.000000 0.000000 0.000000 0.000000 
0.000000 0.000000 0.000000 0.000000 0.000000 
0.000000 0.000000 0.000000 0.000000 0.000000 
0.000000 0.000000 0.000000 0.000000 0.000000 
0.000000 0.000000 0.000000 0.000000 0.000000 
0.000000 0.000000 0.000000 0.000000 0.000000 
0.000000 0.000000 0.000000 0.000000 0.000000 
0.000000 0.000000 0.000000 0.000000 0.000000 
0.000000 0.000000 0.000000 0.000000 0.000000 
0.000000 0.000000 0.000000 0.000000 0.000000 
0.000000 0.000000 0.000000 0.000000 0.000000 
0.000000 0.000000 0.000000 0.000000 0.000000 
0.000000 0.000000 0.000000 0.000000 -6.400000 
0.000000 0.000000 0.000000 0.000000 0.000000 
0.000000 0.000000 0.000000 0.000000 0.000000 
0.000000 0.000000 0.000000 0.000000 0.000000 
0.000000 0.000000 0.000000 0.000000 0.000000 
0.000000 0.000000 0.000000 0.000000 0.000000 
0.000000 0.000000 0.000000 0.000000 0.000000 
0.000000 0.000000 0.000000 0.000000 0.000000 
0.000000 0.000000 0.000000 0.000000 0.000000 
0.000000 0.000000 0.000000 0.000000 0.000000 
0.000000 0.000000 0.000000 0.000000 0.000000 
0.000000 0.000000 0.000000 0.000000 0.000000 
0.000000 0.000000 0.000000 0.000000 0.000000 
0.000000 0.000000 0.000000 0.000000 0.000000 
0.000000 0.000000 0.000000 0.000000 0.000000 
0.000000 0.000000 0.000000 0.000000 0.000000 
0.000000 0.000000 0.000000 0.000000 0.000000 
0.000000 0.000000 0.000000 0.000000 0.000000 
0.000000 0.000000 0.000000 0.000000 0.000000 
0.000000 0.000000 0.000000 0.000000 0.000000 
0.000000 0.000000 0.000000 0.000000 0.000000 
0.000000 0.000000 0.000000 0.000000 0.000000 
0.000000 0.000000 0.000000 0.000000 0.000000 
0.000000 0.000000 0.000000 0.000000 0.000000 
0.000000 0.000000 0.000000 0.000000 0.000000 
0.000000 0.000000 0.000000 0.000000 0.000000 
0.000000 0.000000 0.000000 0.000000 0.000000 
0.000000 0.000000 0.000000 0.000000 0.000000 
0.000000 0.000000 0.000000 0.000000 0.000000 
0.000000 0.000000 0.000000 0.000000 0.000000 
0.000000 0.000000 0.000000 0.000000 0.000000 
0.000000 0.000000 0.000000 0.000000 0.000000 
0.000000 0.000000 0.000000 0.000000 0.000000 
0.000000 0.000000 0.000000 0.000000 0.000000 
0.000000 0.000000 0.000000 0.000000 0.000000 
0.000000 0.000000 0.000000 0.000000 0.000000 
0.000000 0.000000 0.000000 0.000000 0.000000 
0.000000 0.000000 0.000000 0.000000 0.000000 
2.273868 0.000000 0.000000 0.000000 0.000000 
0.000000 0.000000 0.000000 0.000000 0.000000 
0.000000 0.000000 0.000000 0.000000 0.000000 
0.000000 0.000000 0.000000 0.000000 0.000000 
0.000000 0.000000 0.000000 0.000000 0.000000 
0.000000 0.000000 0.000000 0.000000 0.000000 
0.000000 0.000000 0.000000 0.000000 0.000000 
0.000000 0.000000 0.000000 0.000000 0.000000 
0.000000 0.000000 0.000000 0.000000 0.000000 
0.000000 0.000000 0.000000 0.000000 0.000000 
0.000000 0.000000 0.000000 0.000000 0.000000 
1.036077 -0.024917 1.244174 0.817263 -9.274240 
0.000000 0.000000 0.000000 0.000000 0.000000 
0.000000 0.000000 0.000000 0.512694 0.000000 
0.184063 0.000000 0.000000 0.355391 -4.000000 
0.000000 0.000000 0.000000 0.000000 0.000000 
0.549141 0.000000 2.734187 1.873224 4.000000 
0.000000 0.000000 0.000000 0.824127 0.000000 
0.000000 0.000000 0.000000 0.000000 0.000000 
0.000000 0.000000 0.000000 0.000000 0.000000 
0.000000 0.000000 0.000000 0.000000 0.000000 
1.798147 2.563513 1.103771 0.000000 8.833600 
1.110231 0.000000 0.000000 0.000000 4.000000 
0.000000 0.000000 0.000000 0.000000 0.000000 
0.000000 0.000000 0.000000 0.000000 0.000000 
0.000000 0.000000 0.000000 0.000000 0.000000 
3.671075 0.283333 0.023930 1.813529 8.061184 
0.545827 0.579878 0.000000 0.538775 -5.800000 
0.049442 0.592736 0.000000 0.142884 0.000000 
0.627193 0.000000 0.000000 0.102685 -4.000000 
0.119726 0.401678 -0.508738 0.538428 1.001810 
0.000000 0.000000 0.000000 0.000000 0.000000 
0.261209 0.000000 0.000000 1.079905 -1.600000 
-0.069793 0.000000 1.354871 0.000000 0.000000 
0.000000 1.190333 0.418637 3.101842 -1.600000 
0.000000 0.000000 0.000000 0.000000 0.000000 
0.000000 0.000000 0.000000 0.000000 0.000000 
2.025312 0.000000 0.000000 3.309168 6.400000 
2.174739 1.930062 0.000000 2.456119 4.120000 
0.000000 0.000000 0.000000 0.000000 0.000000 
0.000000 0.000000 0.000000 0.000000 0.000000 
0.000000 0.000000 0.000000 0.000000 0.000000 
2.679280 1.767235 2.875116 2.550303 5.896000 
0.000000 0.000000 0.000000 0.000000 0.000000 
0.000000 0.000000 0.000000 0.000000 0.000000 
0.000000 0.000000 0.000000 0.000000 0.000000 
0.000000 0.000000 0.000000 0.000000 0.000000 
0.000000 0.000000 0.000000 0.000000 0.000000 
0.000000 0.000000 0.000000 0.000000 0.000000 
0.000000 0.000000 0.000000 0.000000 0.000000 
0.000000 0.000000 0.000000 0.000000 0.000000 
0.000000 0.000000 0.000000 0.000000 0.000000 
0.000000 0.000000 0.000000 0.000000 0.000000 
0.000000 0.000000 0.000000 0.000000 0.000000 
0.000000 0.000000 0.000000 0.000000 0.000000 
0.000000 0.000000 0.000000 0.000000 0.000000 
0.000000 0.000000 0.000000 0.000000 0.000000 
0.000000 0.000000 0.000000 0.000000 0.000000 
1.872935 1.196845 0.000000 1.760131 4.000000 
0.000000 0.000000 0.000000 0.000000 0.000000 
0.000000 0.000000 0.000000 0.000000 0.000000 
0.000000 0.000000 0.000000 0.000000 0.000000 
0.000000 0.000000 0.000000 0.000000 0.000000 
0.000000 0.000000 0.000000 0.000000 0.000000 
0.000000 0.000000 0.000000 0.000000 0.000000 
0.000000 0.000000 0.000000 0.000000 0.000000 
0.000000 0.000000 0.000000 0.000000 0.000000 
0.000000 0.000000 0.000000 0.000000 0.000000 
0.000000 0.000000 0.000000 0.000000 0.000000 
0.000000 0.000000 0.000000 0.000000 0.000000 
0.000000 0.000000 0.000000 -0.013440 0.000000 
0.000000 0.000000 0.000000 0.000000 0.000000 
0.000000 0.000000 0.000000 0.000000 0.000000 
0.000000 0.000000 0.000000 0.000000 0.000000 
3.033485 0.348171 0.000000 0.000000 0.000000 
0.000000 0.000000 0.000000 0.000000 0.000000 
0.000000 0.000000 0.000000 0.000000 0.000000 
0.000000 0.000000 0.000000 0.000000 0.000000 
0.000000 0.000000 0.000000 0.000000 0.000000 
0.000000 0.000000 0.000000 0.000000 0.000000 
0.000000 0.000000 0.000000 0.000000 0.000000 
0.000000 0.000000 0.000000 0.000000 0.000000 
0.000000 0.000000 0.000000 0.000000 0.000000 
0.000000 0.000000 0.000000 0.000000 0.000000 
0.000000 0.000000 0.000000 0.000000 0.000000 
0.000000 0.000000 0.000000 0.000000 0.000000 
0.000000 0.000000 0.000000 0.000000 0.000000 
0.000000 0.000000 0.000000 0.000000 0.000000 
0.000000 0.000000 0.000000 0.000000 0.000000 
0.000000 0.000000 0.000000 0.000000 0.000000 
3.366343 0.000000 1.146391 2.497605 0.000000 
0.000000 0.000000 0.000000 0.000000 -4.000000 
0.000000 0.000000 0.000000 0.000000 0.000000 
0.000000 0.000000 0.000000 0.000000 0.000000 
0.000000 0.000000 0.000000 0.000000 0.000000 
0.000000 0.000000 0.000000 0.000000 0.000000 
0.000000 0.000000 0.000000 0.000000 0.000000 
0.000000 0.000000 0.000000 0.000000 0.000000 
0.000000 0.000000 0.000000 0.000000 0.000000 
0.000000 0.000000 0.000000 0.000000 0.000000 
0.000000 0.000000 0.000000 0.000000 0.000000 
0.000000 0.000000 0.000000 0.000000 0.000000 
0.000000 0.000000 0.000000 0.417250 0.000000 
0.000000 0.000000 0.000000 0.000000 0.000000 
0.000000 0.000000 0.000000 0.000000 0.000000 
0.000000 0.000000 0.000000 0.000000 0.000000 
1.668870 0.000000 -0.045621 1.888590 6.400000 
0.000000 0.000000 0.000000 0.000000 0.000000 
0.000000 0.000000 0.000000 0.000000 0.000000 
0.000000 0.000000 0.000000 0.000000 0.000000 
0.000000 0.000000 0.000000 0.000000 0.000000 
0.000000 0.000000 0.000000 0.000000 0.000000 
0.000000 0.000000 0.000000 0.000000 0.000000 
0.000000 0.000000 0.000000 0.000000 0.000000 
0.000000 0.000000 0.000000 0.000000 0.000000 
0.000000 0.000000 0.000000 0.000000 0.000000 
0.000000 0.000000 0.000000 0.000000 0.000000 
0.000000 0.000000 0.000000 0.000000 0.000000 
0.000000 0.000000 0.000000 0.000000 0.000000 
0.000000 0.000000 0.000000 0.000000 0.000000 
0.000000 0.000000 0.000000 0.000000 0.000000 
0.000000 0.000000 0.000000 0.000000 0.000000 
1.186571 0.000000 0.000000 0.000000 0.000000 
0.000000 0.000000 0.000000 0.000000 0.000000 
0.000000 0.000000 0.000000 0.000000 0.000000 
0.000000 0.000000 0.000000 0.000000 0.000000 
0.000000 0.000000 0.000000 0.000000 0.000000 
0.000000 0.000000 0.000000 0.000000 0.000000 
0.000000 0.000000 0.000000 0.000000 0.000000 
0.000000 0.000000 0.000000 0.000000 0.000000 
0.000000 0.000000 0.000000 0.000000 0.000000 
0.000000 0.000000 0.000000 0.000000 0.000000 
0.000000 0.000000 0.000000 0.000000 0.000000 
0.000000 0.000000 0.000000 0.000000 0.000000 
0.000000 0.000000 0.000000 0.000000 0.000000 
0.000000 0.000000 0.000000 0.000000 0.000000 
0.000000 0.000000 0.000000 0.000000 0.000000 
0.000000 0.000000 0.000000 0.000000 0.000000 
0.000000 0.000000 0.000000 0.000000 0.000000 
0.000000 0.000000 0.000000 0.000000 0.000000 
0.000000 0.000000 0.000000 0.000000 0.000000 
0.000000 0.000000 0.000000 0.000000 0.000000 
-0.099174 0.000000 0.000000 0.000000 0.000000 
0.000000 0.000000 0.000000 0.000000 0.000000 
0.000000 0.000000 0.000000 0.000000 0.000000 
0.000000 0.000000 0.000000 0.000000 0.000000 
0.000000 0.000000 0.000000 0.000000 0.000000 
0.000000 0.000000 0.000000 0.000000 0.000000 
0.000000 0.000000 0.000000 0.000000 0.000000 
0.000000 0.000000 0.000000 0.000000 0.000000 
0.000000 0.000000 0.000000 0.000000 0.000000 
0.000000 0.000000 0.000000 0.000000 0.000000 
0.000000 0.000000 0.000000 0.000000 0.000000 
0.000000 0.000000 0.000000 0.000000 0.000000 
0.000000 0.000000 0.000000 0.000000 0.000000 
0.000000 0.000000 0.000000 0.000000 0.000000 
0.000000 0.000000 0.000000 -0.362106 0.000000 
0.000000 0.000000 0.000000 0.000000 0.000000 
0.000000 0.000000 0.000000 0.000000 0.000000 
0.000000 0.000000 0.000000 0.000000 0.000000 
0.000000 0.000000 0.000000 0.000000 0.000000 
0.000000 0.000000 0.000000 0.000000 0.000000 
0.000000 0.000000 0.000000 0.000000 0.000000 
0.000000 0.000000 0.000000 0.000000 0.000000 
0.000000 0.000000 0.000000 0.000000 0.000000 
0.000000 0.000000 0.000000 0.000000 0.000000 
0.000000 0.000000 0.000000 0.000000 0.000000 
0.000000 0.000000 0.000000 0.000000 0.000000 
0.000000 0.000000 0.000000 0.000000 0.000000 
0.000000 0.000000 0.000000 0.000000 0.000000 
0.000000 0.000000 0.000000 0.000000 0.000000 
0.000000 0.000000 0.000000 0.000000 0.000000 
0.000000 0.000000 0.000000 0.000000 0.000000 
0.000000 0.000000 0.000000 0.000000 0.000000 
0.000000 0.000000 0.000000 0.000000 0.000000 
0.000000 0.000000 0.000000 0.000000 0.000000 
0.000000 0.000000 0.000000 0.000000 0.000000 
0.000000 0.000000 0.000000 0.000000 0.000000 
0.000000 0.000000 0.000000 0.000000 0.000000 
0.000000 0.000000 0.000000 0.000000 0.000000 
0.000000 0.000000 0.000000 0.000000 0.000000 
0.000000 0.000000 0.000000 0.000000 0.000000 
0.000000 0.000000 0.000000 0.000000 0.000000 
0.000000 0.000000 0.000000 0.000000 0.000000 
0.000000 0.000000 0.000000 0.000000 0.000000 
0.000000 0.000000 0.000000 0.000000 0.000000 
0.000000 0.000000 0.000000 0.000000 0.000000 
0.353363 1.890211 0.422369 1.230242 -3.615201 
0.851229 0.868318 0.000000 0.302013 6.976000 
1.799657 0.000000 0.000000 1.367812 4.422400 
1.068413 0.155454 0.414128 1.369269 -9.327129 
0.000000 0.000000 0.000000 0.000000 0.000000 
0.954628 2.137937 1.395871 2.937600 8.825249 
1.942040 2.562391 0.000000 0.000000 0.000000 
0.702675 1.465997 0.616808 0.495090 2.272000 
0.000000 0.000000 0.000000 0.000000 0.000000 
0.000000 0.000000 0.000000 0.000000 0.000000 
2.044809 2.406316 1.827752 3.670016 1.533441 
0.718394 0.759187 3.466977 2.633520 7.494400 
0.000000 0.000000 0.000000 0.000000 0.000000 
0.000000 0.000000 0.000000 0.000000 0.000000 
0.000000 0.000000 0.000000 0.000000 0.000000 
0.582412 3.719338 1.880098 2.755559 8.096113 
