Number of tilings: 4
Tiling 0
Number of tiles: 64
Number of tiles along each dimension: 
4    4    2    2    
Tiles' width along each dimension: 
2.25    2.25    1.5    1.5    
Origin of the tiling: 
0    0    0    0    
Tiles' parameters: 
0.348791
0.615271
0.219631
0.618014
0.664264
0.248312
0.286019
0.333736
0.266779
0.567278
0
0.449346
0.184021
0.384888
0
0.862127
0
0
0
0
0.570916
0.21035
0
0.407165
0.131183
0.361244
0
0.130038
0.419443
0.213751
0
0.518302
0
0
0
0
0
0
0
0.104621
0.235544
0.0678036
0
1.09516
-0.153235
0.529432
0
0.692143
0
0
0
0.0271142
0
0
0
0.00771491
0
0
0
0
0.162547
0.193651
0
0.787249
Tiling 1
Number of tiles: 64
Number of tiles along each dimension: 
4    4    2    2    
Tiles' width along each dimension: 
2.25    2.25    1.5    1.5    
Origin of the tiling: 
0    0    0    0    
Tiles' parameters: 
0.348791
0.615271
0.219631
0.618014
0.664264
0.248312
0.286019
0.333736
0.266779
0.567278
0
0.449346
0.184021
0.384888
0
0.862127
0
0
0
0
0.570916
0.21035
0
0.407165
0.131183
0.361244
0
0.130038
0.419443
0.213751
0
0.518302
0
0
0
0
0
0
0
0.104621
0.235544
0.0678036
0
1.09516
-0.153235
0.529432
0
0.692143
0
0
0
0.0271142
0
0
0
0.00771491
0
0
0
0
0.162547
0.193651
0
0.787249
Tiling 2
Number of tiles: 64
Number of tiles along each dimension: 
4    4    2    2    
Tiles' width along each dimension: 
2.25    2.25    1.5    1.5    
Origin of the tiling: 
0    0    0    0    
Tiles' parameters: 
0.348791
0.615271
0.219631
0.618014
0.664264
0.248312
0.286019
0.333736
0.266779
0.567278
0
0.449346
0.184021
0.384888
0
0.862127
0
0
0
0
0.570916
0.21035
0
0.407165
0.131183
0.361244
0
0.130038
0.419443
0.213751
0
0.518302
0
0
0
0
0
0
0
0.104621
0.235544
0.0678036
0
1.09516
-0.153235
0.529432
0
0.692143
0
0
0
0.0271142
0
0
0
0.00771491
0
0
0
0
0.162547
0.193651
0
0.787249
Tiling 3
Number of tiles: 64
Number of tiles along each dimension: 
4    4    2    2    
Tiles' width along each dimension: 
2.25    2.25    1.5    1.5    
Origin of the tiling: 
0    0    0    0    
Tiles' parameters: 
0.348791
0.615271
0.219631
0.618014
0.664264
0.248312
0.286019
0.333736
0.266779
0.567278
0
0.449346
0.184021
0.384888
0
0.862127
0
0
0
0
0.570916
0.21035
0
0.407165
0.131183
0.361244
0
0.130038
0.419443
0.213751
0
0.518302
0
0
0
0
0
0
0
0.104621
0.235544
0.0678036
0
1.09516
-0.153235
0.529432
0
0.692143
0
0
0
0.0271142
0
0
0
0.00771491
0
0
0
0
0.162547
0.193651
0
0.787249
