Number of tilings: 4
Tiling 0
Number of tiles: 64
Number of tiles along each dimension: 
4    4    2    2    
Tiles' width along each dimension: 
2.25    2.25    1.5    1.5    
Origin of the tiling: 
0    0    0    0    
Tiles' parameters: 
0.654214
0.59933
0.311037
0.650936
0.238047
0.183066
0.121049
0.259279
0.321111
0.158495
0
0.260911
0.458336
0.386858
0
0.44372
0
0
0
0
0.461397
0.37999
0
0.658048
0.322986
0.0757966
0
0.191054
0.147194
0.494974
0
0.366235
0
0
0
0
0
0
0
0
0.255707
0.116605
0
0.638963
0.247694
0.287255
0
0.388278
0
0
0
0.0155769
0
0
0
-0.00428077
0
0
0
0.0252448
0.233113
0.237234
0
0.33133
Tiling 1
Number of tiles: 64
Number of tiles along each dimension: 
4    4    2    2    
Tiles' width along each dimension: 
2.25    2.25    1.5    1.5    
Origin of the tiling: 
0    0    0    0    
Tiles' parameters: 
0.654214
0.59933
0.311037
0.650936
0.238047
0.183066
0.121049
0.259279
0.321111
0.158495
0
0.260911
0.458336
0.386858
0
0.44372
0
0
0
0
0.461397
0.37999
0
0.658048
0.322986
0.0757966
0
0.191054
0.147194
0.494974
0
0.366235
0
0
0
0
0
0
0
0
0.255707
0.116605
0
0.638963
0.247694
0.287255
0
0.388278
0
0
0
0.0155769
0
0
0
-0.00428077
0
0
0
0.0252448
0.233113
0.237234
0
0.33133
Tiling 2
Number of tiles: 64
Number of tiles along each dimension: 
4    4    2    2    
Tiles' width along each dimension: 
2.25    2.25    1.5    1.5    
Origin of the tiling: 
0    0    0    0    
Tiles' parameters: 
0.654214
0.59933
0.311037
0.650936
0.238047
0.183066
0.121049
0.259279
0.321111
0.158495
0
0.260911
0.458336
0.386858
0
0.44372
0
0
0
0
0.461397
0.37999
0
0.658048
0.322986
0.0757966
0
0.191054
0.147194
0.494974
0
0.366235
0
0
0
0
0
0
0
0
0.255707
0.116605
0
0.638963
0.247694
0.287255
0
0.388278
0
0
0
0.0155769
0
0
0
-0.00428077
0
0
0
0.0252448
0.233113
0.237234
0
0.33133
Tiling 3
Number of tiles: 64
Number of tiles along each dimension: 
4    4    2    2    
Tiles' width along each dimension: 
2.25    2.25    1.5    1.5    
Origin of the tiling: 
0    0    0    0    
Tiles' parameters: 
0.654214
0.59933
0.311037
0.650936
0.238047
0.183066
0.121049
0.259279
0.321111
0.158495
0
0.260911
0.458336
0.386858
0
0.44372
0
0
0
0
0.461397
0.37999
0
0.658048
0.322986
0.0757966
0
0.191054
0.147194
0.494974
0
0.366235
0
0
0
0
0
0
0
0
0.255707
0.116605
0
0.638963
0.247694
0.287255
0
0.388278
0
0
0
0.0155769
0
0
0
-0.00428077
0
0
0
0.0252448
0.233113
0.237234
0
0.33133
