Number of tilings: 4
Tiling 0
Number of tiles: 64
Number of tiles along each dimension: 
4    4    2    2    
Tiles' width along each dimension: 
2.25    2.25    1.5    1.5    
Origin of the tiling: 
0    0    0    0    
Tiles' parameters: 
0.119439
1.03595
-0.867213
0.29901
0.0525259
-0.994945
-0.0754123
1.08629
1.5998
-0.93213
0.0094336
-0.0431969
-1.1037
0.205192
0
0.4182
0
0
0
0
1.20275
0.309708
0
1.84868
0.856101
0.123072
0
-0.999765
-1.12553
0.957936
0
1.14577
0
0
0
0
0
0
0
0
-0.588693
0.0345555
0
2.44748
0.046424
1.18133
0
2.17553
0
0
0
-0.399999
0
0
0
0.0049919
0.181317
0
0
0
-0.593687
-0.481919
0
-0.0859265
Tiling 1
Number of tiles: 64
Number of tiles along each dimension: 
4    4    2    2    
Tiles' width along each dimension: 
2.25    2.25    1.5    1.5    
Origin of the tiling: 
0    0    0    0    
Tiles' parameters: 
0.119439
1.03595
-0.867213
0.29901
0.0525259
-0.994945
-0.0754123
1.08629
1.5998
-0.93213
0.0094336
-0.0431969
-1.1037
0.205192
0
0.4182
0
0
0
0
1.20275
0.309708
0
1.84868
0.856101
0.123072
0
-0.999765
-1.12553
0.957936
0
1.14577
0
0
0
0
0
0
0
0
-0.588693
0.0345555
0
2.44748
0.046424
1.18133
0
2.17553
0
0
0
-0.399999
0
0
0
0.0049919
0.181317
0
0
0
-0.593687
-0.481919
0
-0.0859265
Tiling 2
Number of tiles: 64
Number of tiles along each dimension: 
4    4    2    2    
Tiles' width along each dimension: 
2.25    2.25    1.5    1.5    
Origin of the tiling: 
0    0    0    0    
Tiles' parameters: 
0.119439
1.03595
-0.867213
0.29901
0.0525259
-0.994945
-0.0754123
1.08629
1.5998
-0.93213
0.0094336
-0.0431969
-1.1037
0.205192
0
0.4182
0
0
0
0
1.20275
0.309708
0
1.84868
0.856101
0.123072
0
-0.999765
-1.12553
0.957936
0
1.14577
0
0
0
0
0
0
0
0
-0.588693
0.0345555
0
2.44748
0.046424
1.18133
0
2.17553
0
0
0
-0.399999
0
0
0
0.0049919
0.181317
0
0
0
-0.593687
-0.481919
0
-0.0859265
Tiling 3
Number of tiles: 64
Number of tiles along each dimension: 
4    4    2    2    
Tiles' width along each dimension: 
2.25    2.25    1.5    1.5    
Origin of the tiling: 
0    0    0    0    
Tiles' parameters: 
0.119439
1.03595
-0.867213
0.29901
0.0525259
-0.994945
-0.0754123
1.08629
1.5998
-0.93213
0.0094336
-0.0431969
-1.1037
0.205192
0
0.4182
0
0
0
0
1.20275
0.309708
0
1.84868
0.856101
0.123072
0
-0.999765
-1.12553
0.957936
0
1.14577
0
0
0
0
0
0
0
0
-0.588693
0.0345555
0
2.44748
0.046424
1.18133
0
2.17553
0
0
0
-0.399999
0
0
0
0.0049919
0.181317
0
0
0
-0.593687
-0.481919
0
-0.0859265
81317
0
0
0
0.541449
0.0365196
0
-0.0498866
