Number of tilings: 4
Tiling 0
Number of tiles: 100
Number of tiles along each dimension: 
5    5    2    2    
Tiles' width along each dimension: 
2.25    2.25    1    1    
Origin of the tiling: 
0    0    0    0    
Tiles' parameters: 
0.660097
0.789338
0.789338
0.148149
0.789338
0.675771
0.572051
0.789338
0.789338
0.256846
0.789338
0.789338
0.789338
0.493163
0.789338
0.789338
0.789338
0.323514
0.789338
0.523588
0.338675
0.789338
0.789338
0.789338
0.568575
0.789338
0.789338
0.831892
0.789338
0.789338
0.785431
0.789338
0.63102
0.789338
0.789338
0.789338
0.63137
0.789338
0.789338
0.789338
0.789338
0.789338
0.789338
0.789338
0.789338
0.378587
0.789338
0.789338
0.331258
0.789338
0.789338
0.648897
0.789338
0.789338
0.563926
0.789338
0.789338
0.248843
0.789338
0.521258
0.789338
0.789338
0.789338
0.789338
0.789338
0.789338
0.789338
0.789338
0.789338
0.789338
0.789338
0.789338
0.37291
0.789338
0.789338
0.693434
0.789338
0.789338
0.789338
0.4658
0.789338
0.501231
0.789338
0.789338
0.789338
0.789338
0.789338
0.789338
0.789338
0.789338
0.789338
0.789338
0.789338
0.789338
0.789338
0.789338
0.197829
0.789338
0.789338
0.1645
Tiling 1
Number of tiles: 100
Number of tiles along each dimension: 
5    5    2    2    
Tiles' width along each dimension: 
2.25    2.25    1    1    
Origin of the tiling: 
0    0    0    0    
Tiles' parameters: 
0.660097
0.789338
0.789338
0.148149
0.789338
0.675771
0.572051
0.789338
0.789338
0.256846
0.789338
0.789338
0.789338
0.493163
0.789338
0.789338
0.789338
0.323514
0.789338
0.523588
0.338675
0.789338
0.789338
0.789338
0.568575
0.789338
0.789338
0.831892
0.789338
0.789338
0.785431
0.789338
0.63102
0.789338
0.789338
0.789338
0.63137
0.789338
0.789338
0.789338
0.789338
0.789338
0.789338
0.789338
0.789338
0.378587
0.789338
0.789338
0.331258
0.789338
0.789338
0.648897
0.789338
0.789338
0.563926
0.789338
0.789338
0.248843
0.789338
0.521258
0.789338
0.789338
0.789338
0.789338
0.789338
0.789338
0.789338
0.789338
0.789338
0.789338
0.789338
0.789338
0.37291
0.789338
0.789338
0.693434
0.789338
0.789338
0.789338
0.4658
0.789338
0.501231
0.789338
0.789338
0.789338
0.789338
0.789338
0.789338
0.789338
0.789338
0.789338
0.789338
0.789338
0.789338
0.789338
0.789338
0.197829
0.789338
0.789338
0.1645
Tiling 2
Number of tiles: 100
Number of tiles along each dimension: 
5    5    2    2    
Tiles' width along each dimension: 
2.25    2.25    1    1    
Origin of the tiling: 
0    0    0    0    
Tiles' parameters: 
0.660097
0.789338
0.789338
0.148149
0.789338
0.675771
0.572051
0.789338
0.789338
0.256846
0.789338
0.789338
0.789338
0.493163
0.789338
0.789338
0.789338
0.323514
0.789338
0.523588
0.338675
0.789338
0.789338
0.789338
0.568575
0.789338
0.789338
0.831892
0.789338
0.789338
0.785431
0.789338
0.63102
0.789338
0.789338
0.789338
0.63137
0.789338
0.789338
0.789338
0.789338
0.789338
0.789338
0.789338
0.789338
0.378587
0.789338
0.789338
0.331258
0.789338
0.789338
0.648897
0.789338
0.789338
0.563926
0.789338
0.789338
0.248843
0.789338
0.521258
0.789338
0.789338
0.789338
0.789338
0.789338
0.789338
0.789338
0.789338
0.789338
0.789338
0.789338
0.789338
0.37291
0.789338
0.789338
0.693434
0.789338
0.789338
0.789338
0.4658
0.789338
0.501231
0.789338
0.789338
0.789338
0.789338
0.789338
0.789338
0.789338
0.789338
0.789338
0.789338
0.789338
0.789338
0.789338
0.789338
0.197829
0.789338
0.789338
0.1645
Tiling 3
Number of tiles: 100
Number of tiles along each dimension: 
5    5    2    2    
Tiles' width along each dimension: 
2.25    2.25    1    1    
Origin of the tiling: 
0    0    0    0    
Tiles' parameters: 
0.660097
0.789338
0.789338
0.148149
0.789338
0.675771
0.572051
0.789338
0.789338
0.256846
0.789338
0.789338
0.789338
0.493163
0.789338
0.789338
0.789338
0.323514
0.789338
0.523588
0.338675
0.789338
0.789338
0.789338
0.568575
0.789338
0.789338
0.831892
0.789338
0.789338
0.785431
0.789338
0.63102
0.789338
0.789338
0.789338
0.63137
0.789338
0.789338
0.789338
0.789338
0.789338
0.789338
0.789338
0.789338
0.378587
0.789338
0.789338
0.331258
0.789338
0.789338
0.648897
0.789338
0.789338
0.563926
0.789338
0.789338
0.248843
0.789338
0.521258
0.789338
0.789338
0.789338
0.789338
0.789338
0.789338
0.789338
0.789338
0.789338
0.789338
0.789338
0.789338
0.37291
0.789338
0.789338
0.693434
0.789338
0.789338
0.789338
0.4658
0.789338
0.501231
0.789338
0.789338
0.789338
0.789338
0.789338
0.789338
0.789338
0.789338
0.789338
0.789338
0.789338
0.789338
0.789338
0.789338
0.197829
0.789338
0.789338
0.1645
