Number of tilings: 4
Tiling 0
Number of tiles: 64
Number of tiles along each dimension: 
4    4    2    2    
Tiles' width along each dimension: 
2.25    2.25    1.5    1.5    
Origin of the tiling: 
0    0    0    0    
Tiles' parameters: 
0.420606
0.44624400.57123600.68893200.35216300.28125100.1676700.26425100.1273700.69977
0.0084502
0.501067
0.0973955
0.269698
0
0.340419
0
0
0
0.23359
0.343743
0.247797
0
0.771169
0.102756
0.125816
0
0.578529
0.180597
0.216962
0
0.339802
0
0
0
0.222929
0
0
0
0
0.329763
0.187525
0
0.637008
0.283557
0.5403350000.4285410000
0
0.0540938
0
0.50365
0
0.00626831
0
0
0
0
0.180561
0.318262
0
0.559294
Tiling 1
Number of tiles: 64
Number of tiles along each dimension: 
4    4    2    2    
Tiles' width along each dimension: 
2.25    2.25    1.5    1.5    
Origin of the tiling: 
0    0    0    0    
Tiles' parameters: 
0.420606
0.446244
0.571236
0.688932
0.352163
0.281251
0.16767
0.264251
0.12737
0.69977
0.0084502
0.501067
0.0973955
0.269698
0
0.340419
0
0
0
0.23359
0.343743
0.247797
0
0.771169
0.102756
0.125816
0
0.578529
0.180597
0.216962
0
0.339802
0
0
0
0.222929
0
0
0
0
0.329763
0.187525
0
0.637008
0.283557
0.540335
0
0.428541
0
0
0
0.0540938
0
0.50365
0
0.00626831
0
0
0
0
0.180561
0.318262
0
0.559294
Tiling 2
Number of tiles: 64
Number of tiles along each dimension: 
4    4    2    2    
Tiles' width along each dimension: 
2.25    2.25    1.5    1.5    
Origin of the tiling: 
0    0    0    0    
Tiles' parameters: 
0.420606
0.446244
0.571236
0.688932
0.352163
0.281251
0.16767
0.264251
0.12737
0.69977
0.0084502
0.501067
0.0973955
0.269698
0
0.340419
0
0
0
0.23359
0.343743
0.247797
0
0.771169
0.102756
0.125816
0
0.578529
0.180597
0.216962
0
0.339802
0
0
0
0.222929
0
0
0
0
0.329763
0.187525
0
0.637008
0.283557
0.540335
0
0.4285410.54033
0
0.48712
0
0.159439
0
0.0540938
0
0.50365
0
0.00626831
0
0
0
0
0.190938
0.298933
0
0.474405
Tiling 3
Number of tiles: 64
Number of tiles along each dimension: 
4    4    2    2    
Tiles' width along each dimension: 
2.25    2.25    1.5    1.5    
Origin of the tiling: 
0    0    0    0    
Tiles' parameters: 
0.478832
0.339269
0.500422
0.698743
0.351027
0.295339
0.245023
0.483456
0.121762
0.202295
0.0084502
0.400685
0.170357
0.225481
0
0.375276
0
0
0
0.23359
0.381293
0.491073
0
0.745561
0.0598681
0.160581
0
0.236653
0.134721
0.189037
0
0.324581
0
0
0
0.222929
0
0
0
0
0.306496
0.276577
0
0.777878
0.412518
0.54033
0
0.48712
0
0.159439
0
0.0540938
0
0.50365
0
0.00626831
0
0
0
0
0.190938
0.298933
0
0.474405
