1.0574462 2.939501 1.5023812 1.466725 5.2810436
1.561212 0.782885 0.838253 1.6755068 -5.44
0.997642 1.657393 1.25993 1.107637 -4
2.216907 0.747434 0.605299 0.726405 0
0.00046 2.435834 0 0.149688 4
1.985217 1.9564472 1.273313 1.530096 3.952592
0.429852 3.257518 0.872707 0.352761 -7.84
1.580878 1.098729 1.633421 1.7708532 4
3.064513 2.920497 1.601138 2.293222 -0.964653
0.001643 0 0 0 0
3.1444798 3.0231148 2.1507102 3.416903 7.085463
2.063936 1.921599 1.971634 1.159791 2.944
4.612081 4.6379728 2.6518428 4.689176 7.9020878
0 0 0 0 0
0 0 0 0 0
2.3004386 3.7545596 3.3619262 1.838328 5.309443
0.336118 2.0255042 1.516535 1.451612 1.76
0.837292 0.148296 0.389319 1.272477 -4.48
1.04507 0.765258 0 1.304798 4
1.155163 0.366013 1.627366 1.0242188 -6.472
0 0 0 1.949648 0
1.743039 0.615714 1.741004 1.043555 0.74624
0.356204 0.845418 -0.005268 0.224669 0
1.23953 0.980613 0.7895964 0.8821288 0
1.2938294 0 0.553624 1.437757 -3.075457
0 0 0 0 0
-0.002837 -0.000767 0 0.115878 4
1.096817 0 0.529987 1.773649 -4
1.045694 1.3148834 2.8104456 2.148113 1.96864
0 0 0 0 0
0 0 0 0 0
2.2603756 1.392163 4.826626 2.5079708 2.536
1.143017 0.39878 1.06965 1.409733 -4
0.727806 0.749601 0.152396 1.238695 -4.48
0.078693 1.3616446 0.315752 0.878928 -4
1.1166338 0.594587 0.291365 2.046779 -0.48
0 0 0 0 0
0.955862 0 0 0.476585 0.2
1.275015 0.81634 0 0.885173 -4
0.8998584 0.335856 -0.013385 0.5773378 -4
1.4838766 1.869118 0 3.122004 4
0 0 0 0 0
0.405117 0 0.561935 1.809285 0
0.905186 1.016805 0 1.19333 -3.04
2.319784 1.8157932 1.794981 2.4843232 6.4128
0 0 0 0 4
0 0 0 0 0
3.64496 4.314906 0.147504 3.900438 8.739536
0.256485 0 0 0.012599 -3.04
0.6247956 0.993509 0 0.533724 0.336947
0.2914196 1.0687282 0.061104 0.5533262 0
0.438113 0.3232388 0.212942 1.083804 1.6
0 0 0 0 0
0.15081 0.618177 0 0.184361 -1.6
0.340077 0 0 0.002277 -4
0.796519 0.108912 1.15002 0.344068 0
1.309678 0 0 0 0.48
0 0 0 0 0
0 0.632843 0 0.007422 1.6
0.354767 0.688247 -0.015155 1.0496538 -4
1.690333 0.351794 0.898303 0.830237 1.6
0 0 0 0 0
0 0 0 0 0
3.5042298 0.658241 2.5585506 2.723855 3.7312
0.339353 0.779469 0 0.512907 4
0.159635 0.843833 0.619337 1.3758952 -6.688
1.858141 0.020255 3.355479 1.194666 4.96
1.466594 0.2345586 1.392018 0.439978 0
0 0 0 0 0
-0.006704 0 0 -0.001787 4
1.309749 0.061972 0.461583 0 -4
0.910238 0.5498614 0.694201 0 -4
0 1.214244 0 0 0
0 0 0 0 0
-0.03178 0 0 0.281353 0
0.323445 1.021299 0 1.537548 0
1.397944 1.203817 0 1.612659 3.04
0 0 0 0 0
0 0 0 0 0
1.5117474 4.757012 0.539961 2.513215 -3.04
1.871125 0.205413 1.051232 0.10019 0
1.345489 0.151748 0.531121 1.8365784 4
1.7606256 1.2 0 0.999963 -1.6
1.779723 0.616164 0.002685 0.2934122 -4
0 0 0 0 0
0 0.3030502 0 0.270267 0
0.4149954 0.200276 0.088055 0.648648 0
0.666897 0.111801 0.1860136 0 5.728
0 0 0 0 0
0 0 0 0 0
-0.02025 0 0 0 4
0 1.211115 0.714439 1.364127 4
1.941199 1.193626 0 1.9166966 4
0 0 0 0 0
0 0 0 0 0
0.9736586 2.207101 1.047386 3.333163 6.4
0 0.027273 0 -0.423764 -4
0.393768 0 0 1.011063 -4
1.0299104 1.102186 1.286127 0.6889256 -6.5728
1.512546 0 1.277437 3.0127024 6.4
0 0 0 0 0
1.178821 0 0 1.203264 4
0.137077 0 0 0.023511 -4
0 -0.116061 0 -0.037837 1.2
0 0 0 0 0
0 0 0 0 0
0 0 0 0 4
0 0 1.435688 1.632235 4
0 3.590336 0 0 0
0 0 0 0 0
0 0 0 0 0
0 1.2232388 0 1.7028706 4.8
0 0 0.509236 1.87164 4
-0.194891 0.140919 0.168404 0.518694 -6.4
0.059476 0.368225 0 0.062319 -4.96
1.352662 0 1.130542 1.0907648 0
0 0 0 0 0
0 0 0 0 0
0 0.004859 0 0.083205 0
0.993322 0 0 -0.02972 4
0 0 0 0 0
0 0 0 0 0
0 0.008194 0 2.220726 4
0.9221016 1.142573 1.222066 0 0
0 0 0 0 0
0 0 0 0 0
0 0 0 0 0
1.201907 0 0 1.915212 4
0 0 0 0 0
0.3283 0.032195 -0.106464 0.485172 4
0.043745 1.001783 0 0.091986 -4
0.0112804 0 0 2.403352 -1.6
0 0 0 0 0
0 0 -0.041206 0 0
-0.077269 0 0 0 0
0 1.221395 0 2.407395 0
0 0 0 0 0
0 0 0 0 0
1.691044 0 0 2.135711 6.4
2.349339 0 1.222044 -0.011839 -1.6
0 0 0 0 0
0 0 0 0 0
0 0 0 0 0
0.493226 0 0.348394 0.6586768 4
1.3623278 -0.114063 1.116877 3.207121 4.48086
0.6383768 0.3814574 0.4806424 1.80629 -0.622209
1.8759958 1.9353726 1.496568 3.662068 8.155663
2.248303 0.9431126 0.0909412 2.835701 5.9461586
0 0 0 0 0
0.04123 -0.016936 0 0.058335 4
3.644555 1.712713 3.71642 3.21015 1.234842
3.247818 1.529441 0.4106492 2.8214256 8.762431
0 0 0 0 0
0 0 0 0 0
-0.024285 -0.075811 0 0 1.6
3.529928 1.121405 2.25455 3.180283 8.49664
0 0 0 0 0
0 0 0 0 0
0 0 0 0 0
3.651323 1.0142852 1.0549752 1.617922 5.5384268
0 0 0 0 0
0 0 0 0 0
0 0 0 0 0
0 0 0 0 0
0 0 0 0 0
0 0 0 0 0
0 0 0 0 0
0 0 0 0 0
0 0 0 0 0
0 0 0 0 0
0 0 0 0 0
0 0 0 0 0
0 0 0 0 0
0 0 0 0 0
0 0 0 0 0
0 1.036785 0 0 0
1.736936 1.5946752 1.676654 1.2392872 -4.4430422
0.991992 0.033126 0 1.028653 0
0.225859 0 0.1981 0.131343 0
1.419024 0 0 0.257515 -2.112
0 0 0 0 0
2.29566 2.306663 2.1581516 1.146667 -5.941403
0.538282 0.555101 0 0 0
0.933337 0 0.156005 0.4264126 0
0 0 0 0 0
0 0 0 0 0
2.510747 2.102143 2.0478688 2.455651 3.7898184
2.403018 1.891096 1.574708 2.841257 6.4
0 0 0 0 0
0 0 0 0 0
0 0 0 0 0
1.813785 3.013106 4.117594 3.949863 1.879568
0 1.032054 0 0.354151 -4
0.128341 -0.053653 0 0.4116916 0
0.4931956 0 1.140838 0.091318 0.2
0.675907 1.18618 0.346078 1.332215 0
0 0 0 0 0
0 0 0 0.032064 6.4
0.327746 0 2.342872 0.178932 6.4
1.63776 -0.076754 1.322988 0.238969 -4
0 0 0 0 0
0 0 0 0 0
-0.005298 1.914207 0 2.320894 7.84
1.256045 2.467416 1.898934 1.245252 -4
0 0 0 0 0
0 0 0 0 0
0 0 0 0 0
2.2866974 2.0863856 2.307557 2.976035 4.9216
0.81598 0 0 0.465991 -4
0.003634 0.8158868 0.187983 0 -5.7664
0.031143 0.175178 0 0.901027 -7.84
0.075206 0 1.730862 0.134883 -7.5712
0 0 0 0 0
0.200813 0.674846 0 0.2207824 0
-0.001467 -0.003844 0 0.006448 0
0 0 0 0.176776 4
0 0 0 0 0
0 0 0 0 0
2.421699 0 0 0 0
0.5114116 1.930606 2.163835 0 0
0 0 0 0 0
0 0 0 0 0
0 0 0 0 0
1.891381 1.703493 2.450406 1.8992868 7.84
-0.00498 0 0 0.068861 0
0.151946 0.132466 0 0.340968 0
0.194763 0.115625 0.009865 0.775951 -5.824
0.294972 0.472921 -0.166455 1.250057 4
0 0 0 0 0
0.119818 -0.000971 2.063316 0.4289166 0
-0.066958 0.009466 0 1.92757 -4
0 0.225171 -0.017492 0.026807 0
0 0 0 0 0
0 0 0 0 0
0 0 0 1.915907 4.96
0 0 0 0 0
0 0 0 0 0
0 0 0 0 0
0 0 0 0 0
2.5132448 4.021241 0.320817 2.5705308 9.222401
0.235662 0.717098 0.888283 2.256211 0
0.108564 0 1.338876 -0.184684 0
0.118013 1.247596 -0.054334 1.077235 -6.4
1.632044 0.120124 2.312022 1.333226 -0.704
0 0 0 0 0
0 0.806115 0 -0.002313 -6.4
0 -0.050015 0 2.578571 7.264
0 0 0.567759 0.016217 0
0 0 0 0 0
0 0 0 0 0
0.882058 0 0 0.366719 0
0.71605 0 0 1.473025 -4
0 0 0 0 0
0 0 0 0 0
0 0 0 0 0
0.304823 0.526389 0.924588 1.938077 8.963201
0.106603 0.095443 0 0 0
-0.040475 -0.073685 -0.248662 -0.018386 -4
0 0 0 0.401593 -4
0.558411 0 0 0.019249 0
0 0 0 0 0
0 1.660688 0 1.632039 -1.6
0.014982 0 0 0 0
0 0 0 1.2809962 4
0 0 0 0 0
0 0 0 0 0
0 0 0 0 0
2.631371 0.616672 0 2.804002 6.4
0 0 0 0 0
0 0 0 0 0
0 0 0 0 0
0.593892 1.678779 1.1981218 0 0
1.802055 0.617862 0 0 0
-0.08799 0 0 0 0
0 0.475762 -0.028017 0.434486 1.6
-0.083261 2.278233 2.652056 0.347662 -2.88
0 0 0 0 0
0 0 0 0.005778 0
-0.07337 0 0 0 0
0 0 0 0 1.6
0 0 0 0 0
0 0 0 0 0
0 0 0 0 0
0 0.1487844 0 0 -0.16
0 0 0 0 0
0 0 0 0 0
0 0 0 0 0
1.530617 1.173085 0 3.183711 -4
0.018265 0.010595 0 0.182717 0
-0.040496 0 0 0 0
0 0 0 0.290114 -4
0.783789 -0.022735 0 0.530631 -6.4
0 0 0 0 0
0 0 0 0 0
0.118068 0.433158 2.046008 0.96211 6.4
0.9527508 0 0 2.595145 0
0 0 0 0 0
0 0 0 0 0
0 0 0 0 0
1.024251 0 1.897557 0 -6.4
0 0 0 0 0
0 0 0 0 0
0 0 0 0 0
0.4139 0.958302 0 4.0696622 0
2.851145 0 0.466803 1.562554 4.25984
0.8886544 0.215563 -0.023804 1.77838 -1.8299904
1.0714624 2.083807 -0.592501 0.816746 -4.8085684
1.5787988 2.176162 1.459849 2.364016 4.532662
0 0 0 0 0
0.165949 0 -0.031561 0.822455 4
0.0511184 1.010089 0 0 -1.6
1.366456 2.797957 2.789714 3.681171 -1.5658688
0 0 0 0 0
0 0 0 0 0
0 -0.076873 0.050534 -0.266224 0
1.724033 0.769989 1.051758 0.684855 0.8336
0 0 0 0 0
0 0 0 0 0
0 0 0 0 0
2.4036758 2.093399 1.263407 3.594932 9.455681
0 0 0 0 0
0 0 0 0 0
0 0 0 0 0
0 0 0 0 0
0 0 0 0 0
0 0 0 0 0
0 0 0 0 0
0 0 0 0 0
0 0 0 0 0
0 0 0 0 0
0 0 0 0 0
0 0 0 0 0
0 0 0 0 0
0 0 0 0 0
0 0 0 0 0
1.192724 0 0 0 0
0 0 0 0 0
0 0 0 0 0
0 0 0 0 0
0 0 0 0 0
0 0 0 0 0
0 0 0 0 0
0 0 0 0 0
0 0 0 0 0
0 0 0 0 0
0 0 0 0 0
0 0 0 0 0
0 0 0 0 0
0 0 0 0 0
0 0 0 0 0
0 0 0 0 0
0 0 0 0 0
0.9890932 1.585003 0.6327912 1.4925368 -4.3311166
-0.005286 0 0 0.026472 0
0.007099 0 0 0.868703 -4
0 0 1.375903 0 0
0 0 0 0 0
1.8798742 2.3687626 1.885884 2.110091 -6.38322
0.713836 1.889663 1.193016 0.9631202 4
0.267045 0 0.107625 1.732794 0
0 0 0 0 0
0 0 0 0 0
0.6818186 0.532456 1.012307 0.7059144 -1.092801
0 0 0 -0.0023 -4
0 0 0 0 0
0 0 0 0 0
0 0 0 0 0
3.532851 2.3051054 3.624486 4.3011108 8.367632
0.041194 0 0 0.160845 -5.92
0 0.476915 0 1.484486 0
0 0.799443 0 0.330101 -4
0 0.858537 0 0.904945 -1.6
0 0 0 0 0
0 0.247727 0.455531 -0.078101 0
0 0 0 1.43927 2.608
0.300873 0.637735 3.378096 0 -4
0 0 0 0 0
0 0 0 0 0
0.093704 0 0 0.029158 0
2.7378 2.368255 0 -0.196489 -1.6
0 0 0 0 0
0 0 0 0 0
0 0 0 0 0
0.2082972 1.180092 0.400672 0.592921 0
0.664048 -0.065394 0 -0.0224942 0
0 2.656256 2.501537 1.402278 6.4
0 0 0.077791 1.979896 -3.04
0.054666 0.053166 0 1.059299 0
0 0 0 0 0
0.920747 1.195735 0 0 4
0.2991256 0 0 0.043819 0
2.808617 0.007068 0 1.324741 0
0 0 0 0 0
0 0 0 0 0
0 0 0 0 0
0 1.078044 0 0 0
0 0 0 0 0
0 0 0 0 0
0 0 0 0 0
1.2301142 0.82956 0 0.204967 0
0.902725 0 0 0.895136 0
0 0 0 0.134815 0
-0.040768 -0.117572 0 0 -4
-0.060642 0 0 -0.003164 -4
0 0 0 0 0
0 0 1.180375 0 -4
0 0.025603 0.007852 0 0
0 0 0 0.855783 -4
0 0 0 0 0
0 0 0 0 0
0 0 0 -0.0030965 0
0.333476 -0.025502 0.438594 1.59137 0
0 0 0 0 0
0 0 0 0 0
0 0 0 0 0
2.197642 0 0 3.711453 0
0.203242 0.618791 0 0 0
0 0 0.049805 -0.086749 -4
0 0.061817 0 0 0
1.5829074 1.200841 0.956066 1.827099 4
0 0 0 0 0
0 0 0 0 0
-0.017641 0 0 0 0
0 0 0 0.013514 4
0 0 0 0 0
0 0 0 0 0
0 0 -0.029859 0 0
0 1.631877 0 1.7097812 4
0 0 0 0 0
0 0 0 0 0
0 0 0 0 0
2.1185974 0.841448 1.396252 0.981765 4
0 0.162558 0 0 -4
0.404034 -0.321955 0 0.853506 0
0 0 0 0.411856 -4
0 0 0 -0.034526 1.6
0 0 0 0 0
0 0 0 0 1.6
0 0 0 0 0
0.516535 0 0 0 0
0 0 0 0 0
0 0 0 0 0
0 0 0 0 0
0 0 0.502915 0.497891 -4
0 0 0 0 0
0 0 0 0 0
0 0 0 0 0
1.215984 0 0 0.711975 0
0 -0.325413 0 0 0
-0.154683 0 0 1.87035 6.4
-0.210512 0 -0.080956 0.03554 0
2.427384 0 0 -0.156663 4
0 0 0 0 0
0 0 0 0 0
0 0.026985 0 0 0
0 0 1.316647 -0.471025 -4
0 0 0 0 0
0 0 0 0 0
0 0 0 0 0
-0.107949 0 1.32 1.709278 4
0 0 0 0 0
0 0 0 0 0
0 0 0 0 0
0.086431 2.181574 0 0.026679 0
0.2945668 0.304873 0.435573 2.150738 -2.88
-0.321579 0.143783 0.2312442 1.1514764 -4
1.659507 1.4214384 -0.173294 1.7425018 4.0856576
1.162082 2.102847 2.163511 2.850355 3.7871442
0 0 0 0 0
0 0.234503 0 0 -4
1.916864 1.222743 0 1.846449 4
1.39356 0.54844 0.304583 1.7134104 -0.63232
0 0 0 0 0
0 0 0 0 0
0 1.2 0 0.588172 4.6
0.452107 0.21838 0.77693 -0.072992 -2.176
0 0 0 0 0
0 0 0 0 0
0 0 0 0 0
3.0712026 2.9839046 1.1057162 4.2120626 9.473721
0 0 0 0 0
0 0 0 0 0
0 0 0 0 0
0 0 0 0 0
0 0 0 0 0
0 0 0 0 0
0 0 0 0 0
0 0 0 0 0
0 0 0 0 0
0 0 0 0 0
0 0 0 0 0
0 0 0 0 0
0 0 0 0 0
0 0 0 0 0
0 0 0 0 0
2.661128 0 0 0 0
0 0 0 0 0
0 0 0 0 0
0 0 0 0 0
0 0 0 0 0
0 0 0 0 0
0 0 0 0 0
0 0 0 0 0
0 0 0 0 0
0 0 0 0 0
0 0 0 0 0
0 0 0 0 0
0 0 0 0 0
0 0 0 0 0
0 0 0 0 0
0 0 0 0 0
0 0 0 0 0
0 0 0 0 0
0 0 0 0 0
0 0 0 0 0
0 0 0 0 0
0 0 0 0 0
0 0 0 0 0
0 0 0 0 0
0 0 0 0 0
0 0 0 0 0
0 0 0 0 0
0 0 0 0 0
0 0 0 0 0
0 0 0 0 0
0 0 0 0 0
0 0 0 0 0
0 0 0 0 0
0.720212 1.5804226 1.229335 1.2682304 -2.896984
0 0 0 0 0
0.858103 0 0 0.35865 1.6
0.582439 0.092393 0.167997 0.143289 -4
0 0 0 0 0
1.2320214 1.138857 1.075494 1.792177 1.222401
0.640978 0 0 0.57568 0
0.444181 0 0.054006 0.126862 0
0 0 0 0 0
0 0 0 0 0
1.6635354 2.046992 1.4798602 4.226408 4.0312322
1.745673 0 0 0 0
0 0 0 0 0
0 0 0 0 0
0 0 0 0 0
3.1438978 2.5963374 0.705979 3.7309178 9.458791
1.0345326 0 0 0.162005 4
1.210065 0.137722 0 0.319236 4
0 0.553612 0 0.00166 -4
0.4171304 0.190352 0.108295 -0.093291 -4
0 0 0 0 0
1.143314 0.333332 0 0.5818738 0
-0.039907 0 0 0 0
0 1.1618968 2.621757 0.5363806 0
0 0 0 0 0
0 0 0 0 0
0 0 0 0 0
0.433644 0 0 0 0
0 0 0 0 0
0 0 0 0 0
0 0 0 0 0
0.325093 2.4292348 1.602776 1.839785 6.76
0 0 -0.139286 -0.046635 0
0 -0.417068 -0.045047 -0.001971 0
2.86314 0.453711 0 0.987422 0
0 1.137416 -0.072074 -0.034216 0
0 0 0 0 0
1.002362 0.769874 0 -0.01337 0
0.119824 0 0 0 0
0.501077 0.082994 0.227329 0 0
0 0 0 0 0
0 0 0 0 0
0 0 0 0 0
0 0.15057 0 1.671788 6.4
0 0 0 0 0
0 0 0 0 0
0 0 0 0 0
0 0 0.658592 0.599595 0
-0.018859 -0.045184 0 0 0
-0.064676 0 0 0 -4
0 0 0 0 -4
1.294218 0.476953 1.978532 0.038906 -4
0 0 0 0 0
0.002839 0 0 0.018246 0
0 0 0 -0.048482 -0.64
0 0 0 0 4
0 0 0 0 0
0 0 0 0 0
1.022746 0 0 0.324204 4
1.190455 0 0.078797 0 0
0 0 0 0 0
0 0 0 0 0
0 0 0 0 0
0.408704 0 0.75714 1.468003 -1.6
0 0 0 0.265892 0
0 0 0 0.771578 0
0 0 0 2.781754 -4
0.43585025 -0.027631 0 1.299361 4
0 0 0 0 0
-0.077528 0 0 7e-06 0
0 0 0.026421 0 0
0 0 0 0.675572 0
0 0 0 0 0
0 0 0 0 0
0 0 0 0 0
-0.107336 2.495371 0 0.090096 0
0 0 0 0 0
0 0 0 0 0
0 0 0 0 0
0.23815 0.640501 1.135066 0 4
-0.413815 0 0 0 0
0 0 0 1.895592 0
1.211912 0 2.599166 0 0
2.403026 0 0 1.722824 -3.5776
0 0 0 0 0
0 1.100861 0 0 0
0 0 0 0 0
0.801542 0 0.208932 0 0
0 0 0 0 0
0 0 0 0 0
-0.019174 0 0 0 0
2.7971 0 0 -0.02207 0
0 0 0 0 0
0 0 0 0 0
0 0 0 0 0
0 0.717819 0 0 0
-0.583909 0 -0.6437926 2.038105 -8.704
0.8323512 0.207453 0.549392 0.7589612 -1.1328
0.650228 1.88986 0 0.874608 -0.6854086
2.1983844 1.162574 1.089144 1.2260644 4
0 0 0 0 0
-0.150514 0 0.004423 -0.045059 4
1.3107718 0.90142 0 0.9141888 4
1.297792 0.391169 -0.097659 1.562411 4.096
0 0 0 0 0
0 0 0 0 0
0 0 0 0.745483 8.5312
0 0 1.097142 0.806327 4
0 0 0 0 0
0 0 0 0 0
0 0 0 0 0
2.2642004 2.822787 1.8660516 3.982206 8.23168
0 0 0 0 0
0 0 0 0 0
0 0 0 0 0
0 0 0 0 0
0 0 0 0 0
0 0 0 0 0
0 0 0 0 0
0 0 0 0 0
0 0 0 0 0
0 0 0 0 0
0 0.019774 0 0 0
0 0 0 0 0
0 0 0 0 0
0 0 0 0 0
0 0 0 0 0
0.042635 0 0 0 4
0 0 0 0 0
0 0 0 0 0
0 0 0 0 0
0 0 0 0 0
0 0 0 0 0
0 0 0 0 0
0 0 0 0 0
0 0 0 0 0
0 0 0 0 0
0 0 0 0 0
0 0 0 0 0
0 0 0 0 0
0 0 0 0 0
0 0 0 0 0
0 0 0 0 0
0 0 0 0 0
0 0 0 0 0
0 0 0 0 0
0 0 0 0 0
0 0 0 0 0
0 0 0 0 0
0 0 0 0 0
0 0 0 0 0
0 0 0 0 0
0 0 0 0 0
0 0 0 0 0
0 0 0 0 0
0 0 0 0 0
0 0 0 0 0
0 0 0 0 0
0 0 0 0 0
0 0 0 0 0
0 0 0 0 0
0 0 0 0 0
0 0 0 0 -4
0 0 0 0 0
0 0 0 0 0
0 0 0 0 0
0 0 0 0 0
0 0 0 0 0
0 0 0 0 0
0 0 0 0 0
0 0 0 0 0
0 0 0 0 0
0 0 0 0 0
0 0 0 0 0
0 0 0 0 0
0 0 0 0 0
1.015615 1.258182 2.1927502 2.1291202 -8.2184216
0 0 0 0 0
0.415909 0 0 1.304238 0
0.125741 0 0 0 0
0 0 0 0 0
3.436895 2.3464506 1.588184 1.876843 1.383935
0 0 0 0 0
0 0 0 0 0
0 0 0 0 0
0 0 0 0 0
1.8754504 2.782625 0.637383 2.448061 5.2
-0.030661 0 0 0 0
0 0 0 0 0
0 0 0 0 0
0 0 0 0 0
0.651848 0 1.166149 4.00473 8.739252
0 0 1.517196 0 -1.222401
0 0 1.089144 0.388701 -4.288
0.052878 0.616853 0 1.450062 -4
1.663312 0 0.11148 0.0631522 -4
0 0 0 0 0
-0.007049 0 -0.00179 0.017562 0
0 -0.01167 0 0 5.44
0 1.216164 0.928838 0 6.4
0 0 0 0 0
0 0 0 0 0
0 0 0 0.000131 0
0 0 0 0.911658 4
0 0 0 0 0
0 0 0 0 0
0 0 0 0 0
0.538685 0 0.342861 1.373223 0
0.2457936 0 0.514923 0 0
0 0 0 0 4
0 1.502182 0 0 0
0 1.201231 0 0 4
0 0 0 0 0
0 0 0 0.02259 0
2.181817 0 0 0 0
0 0 0 -0.004715 -4
0 0 0 0 0
0 0 0 0 0
0 0 0 0 0
0 -0.089646 0 1.87049 0
0 0 0 0 0
0 0 0 0 0
0 0 0 0 0
0.9986012 0.448899 0.096373 1.9560864 4
0.059363 0 0 -0.25433 0
0 0 0 0 0
0 0.005064 -0.041855 0 0
0.012596 0 0 2.573438 0
0 0 0 0 0
0 0 0 0 4
0.43215 0 0.031181 0 0
0 0 0 0 4
0 0 0 0 0
0 0 0 0 0
0 0 0 0 0
0 0 0 -0.021448 0
0 0 0 0 0
0 0 0 0 0
0 0 0 0 0
0.529721 0.339639 0 0 0
0.078431 0 0 0 -4
-0.120707 0 0 0.42375 0
0 0 0 0 0
0 1.034896 -0.518245 0.558757 -4
0 0 0 0 0
0 0 0 0.017356 4
0 0 0 0 0
1.177695 0.158486 0 0.047546 0
0 0 0 0 0
0 0 0 0 0
0 0 0 0 0
0 0 -0.138052 0 0
0 0 0 0 0
0 0 0 0 0
0 0 0 0 0
0.303496 0 0 0.815401 0
0.042789 0 0 0.058776 -6.4
0.2122132 0 0.620525 0.310489 -4
1.966671 0.544392 0.66323 1.3563658 0.0848174
0.903557 2.009066 0.850288 0.991845 1.8492
0 0 0 0 0
0 0.02134 -0.032436 0.184145 -0.16
1.184729 0 0 1.015303 4
2.136142 -0.179062 -0.625937 1.683212 0.440835
0 0 0 0 0
0 0 0 0 0
0.716316 0.593948 0 1.452941 -0.48
1.711905 0.9768584 0 3.3235096 6.585472
0 0 0 0 0
0 0 0 0 0
0 0 0 0 0
1.145602 1.6364232 0 2.1418968 -2.3296016
0 0 0 0 0
0 0 0 0 0
0 0 0 0 0
0 0 0 0 0
0 0 0 0 0
0 0 0 0 0
0 0 0 0 -4
0 0 0 0 0
0 0 0 0 0
0 0 0 0 0
0 0 0 0 0
0 0 0 0.242899 0
0 0 0 0 0
0 0 0 0 0
0 0 0 0 0
0 0 0 0.691494 0
0 0 0 0 0
0 0 0 0 0
0 0 0 0 0
0 0 0 0 0
0 0 0 0 0
0 0 0 0 0
0 0 0 0 0
0 0 0 0 0
0 0 0 0 0
0 0 0 0 0
0 0 0 0 0
0 0 0 0 0
0 0 0 0 0
0 0 0 0 0
0 0 0 0 0
0.564023 0 0 0 0
0 0 0 0 0
0 0 0 0 0
0 0 0 0 0
0 0 0 0 0
0 0 0 0 0
0 0 0 0 0
0 0 0 0 0
0 0 0 0 0
0 0 0 0 0
0 0 0 0 0
0 0 0 0 0
0 0 0 0 0
0 0 0 0 0
0 0 0 0 0
0 0 0 0 0
0 0 0 0 0
0 0 0 0 0
0 0 0 0 0
0 0 0 0 0
0 0 0 0 0
0 0 0 0 0
0 0 0 0 0
0 0 0 0 0
0 0 0 0 0
0 0 0 0 0
0 0 0 0 0
0 0 0 1.150743 0
0 0 0 0 0
0 0 0 0 0
0 0 0 0 0
0 0 0 0 0
0 1.148044 0 0 0
0 0 0 0 0
0 0 0 0 0
0 0 0 0 0
0 0 0 0 0
0 0 0 0 0
0 0 0 -0.00277 4
0 0 0 0 0
0 0 0 0 0
0 0 0 0 0
0 0 0 0 0
0 0 0 0 0
0 0 0 0 0
0 0 0 0 0
0 0 0 0 0
0 0 0 0 0
0 -0.100709 0 1.309342 -4
0.648714 0.4487744 1.2124452 0.7541644 -7.5387376
0 0 0 0.051327 0
3.748382 0 0 0 4
0 0 0 0 -4
0 0 0 0 0
3.138791 0.014217 0.424231 3.764587 4.50176
0 0 -0.177857 0 0
0 0 0 2.195603 0
0 0 0 0 0
0 0 0 0 0
3.559417 1.155742 1.5221064 2.034817 8.5312
-0.559101 0 0 0 0
0 0 0 0 0
0 0 0 0 0
0 0 0 0 0
1.4128546 0.487336 2.3187976 2.700601 0.25248
0 0 0 0 0
1.207371 0 -0.075214 0.031335 4
0 0 0.685853 0 0
0 -0.032138 0 0.843837 -4
0 0 0 0 0
0 0 0 0 4
-0.0298606 -0.010734 0 1.156691 6.4
2.683336 0.074586 0 0 0
0 0 0 0 0
0 0 0 0 0
1.768726 0 -0.036655 0 4
0.046822 1.187148 0.385756 0 0
0 0 0 0 0
0 0 0 0 0
0 0 0 0 0
0.215918 1.21151 1.983011 0.599702 -0.48
0 0.633654 0 0 -4
0 0 0 0 4
0 0.041729 0.912487 0.324065 4
0 0 0 0.621786 0
0 0 0 0 0
1.400963 0 0 0 0
0 0 0 1.3909604 0
0.042514 0 0 0 4
0 0 0 0 0
0 0 0 0 0
0 0 0 0 0
0 0 0 0 0
0 0 0 0 0
0 0 0 0 0
0 0 0 0 0
0.485958 0 0 0 1.6
-0.225337 0 0 0 -4
0 0 0.296517 0.033198 4
-0.184401 0 -0.443544 0.027538 0
0 1.823891 0 -0.298941 0
0 0 0 0 0
0 0 0 0 0
0 0 0 0 0
0 0 0 0 0
0 0 0 0 0
0 0 0 0 0
0 0 0 0 0
-0.007466 2.188033 0 -0.000461 5.92
0 0 0 0 0
0 0 0 0 0
0 0 0 0 0
0 0.067311 0 0.741994 0
-0.169813 0 0 0.1990466 2.2784
1.14417 -0.295114 0.059732 0.60545 -4
-0.240957 -0.221509 -0.216548 0.606851 0.60576
1.2689752 1.502458 1.104004 0.9166234 -5.083459
0 0 0 0 0
-0.018272 0 0 0.410128 0
0.97222 0 0.094237 1.683034 -3.616
1.821464 0.414078 1.560967 0.9508038 2.64704
0 0 0 0 0
0 0 0 0 0
0 0 0 0 0
0.475237 1.0438748 0.867103 1.4769456 4
0 0 0 0 0
0 0 0 0 0
0 0 0 0 0
2.5447282 1.012027 0 2.406915 1.346816
0 0 0 0 0
0 0 0 0 0
0 0 0 0 0
0 0 0 0 0
0 0 0 0 0
0 0 0 0 0
0 0 0 0 0
0 0 0 0 0
0 0 0 0 0
0 0 0 0 0
0 0 0 0 0
0 0 0.010245 0.832593 6.4
0 0 0 0 0
0 0 0 0 0
0 0 0 0 0
0 0.989917 0 0 0
0 0 0 0 0
0 0 0 0 0
0 0 0 0 0
0 0 0 0 0
0 0 0 0 0
0 0 0 0 0
0 0 0 0 0
0 0 0 0 0
0 0 0 0 0
0 0 0 0 0
0 0 0 0 0
0 0 0 0 0
0 0 0 0 0
0 0 0 0 0
0 0 0 0 0
0 1.388942 0 0 0
0 0 0 0 0
0 0 0 0 0
0 0 0 0 0
0 0 0 0 0
0 0 0 0 0
0 0 0 0 0
0 0 0 0 0
0 0 0 0 0
0 0 0 0 0
0 0 0 0 0
0 0 0 0 0
0 0 0 0 0
0 0 0 0 0
0 0 0 0 0
0 0 0 0 0
0 0 0 0 -4
0 0 0 0 0
0 0 0 0 0
0 0 0 0 0
0 0 0 0 0
0 0 0 0 0
0 0 0 0 0
0 0 0 0 0
0 0 0 0 0
0 0 0 0 0
0 0 0 0 0
0 0 0 0 0
0 0 0 0 0
0 0 0 0 0
0 0 0 0 0
0 0 0 0 0
0 0.65605 0 0.010909 -4
0 0 0 0 0
0 0 0 0 0
0 0 0 0 0
0 0 0 0 0
0 0 0 0 0
0 0 0 0 0
0 0 0 0 0
0 0 0 0 0
0 0 0 0 0
0 0 0 0 0
0 0 0 0 0
0 0 0 0 0
0 0 0 0 0
0 0 0 0 0
0 0 0 0 0
1.677502 0 0 -0.107569 0
0 0 0 0 0
0 0 0 0 0
0 0 0 0 0
0 0 0 0 0
0 0 0 0 0
0 0 0 0 0
0 0 0 0 0
0 0 0 0 0
0 0 0 0 0
0 0 0 0 0
0 0 0 0 0
0 0 0 0 0
0 0 0 0 0
0 0 0 0 0
0 0 0 0 0
0 0 -0.048406 0.028731 -4
0.555767 0.789682 0.585155 0.7455644 -6.3288062
0 0 0 0 0
0 0 0 0 0
1.079751 0 0 1.090811 0
0 0 0 0 0
0.432392 0.019862 0.152843 0.174485 -0.64
0 0 0 0 0
1.033459 0 0 0 0
0 0 0 0 0
0 0 0 0 0
2.041403 0 -0.141065 1.4885166 4
0.013998 0.691863 0 0.020737 0
0 0 0 0 0
0 0 0 0 0
0 0 0 0 0
2.176575 2.552524 3.448756 2.571131 4.942459
0 0 0 0 0
0 0 0 1.203592 4
0.017967 0 0 0.081758 -5.6
0 0 0 0.299161 0
0 0 0 0 0
0 0 0 0 0
0.040351 0 0.039612 0 0
-0.01583 0 -0.277993 0 -4
0 0 0 0 0
0 0 0 0 0
0 0 0 0.095325 -4
0.841936 0 0 1.9389374 6.4
0 0 0 0 0
0 0 0 0 0
0 0 0 0 0
2.642258 1.36118 0 1.455667 -1.6
0 0 0 0.067254 0
0 0 0 0 0
0 0.442926 0 0 0
0 0 0.572535 0.40238 -4
0 0 0 0 0
-0.086968 0 0 0 0
0 0 0 0.073903 0
1.367905 0 0 0 -4
0 0 0 0 0
0 0 0 0 0
0 0 0 0 0
0.928904 0 0 0.404975 0
0 0 0 0 0
0 0 0 0 0
0 0 0 0 0
-0.096881 0.136286 0 1.059745 0
0 0 -0.004195 -0.059067 -4.27264
1.494048 0 0 0.730873 -4
0.395514 -0.127644 -0.079935 0.107476 3.453184
0.162135 0.106617 -0.476192 0.198625 -9.201665
0 0 0 0 0
0.0232 0 0 0.28175 -4
-0.017144 0 0 0 4
1.4163656 1.183137 1.4141286 2.079467 0.9019904
0 0 0 0 0
0 0 0 0 0
0 0.053068 0 0 0
0.4570506 2.4078342 1.6726164 3.5848216 7.16032
0 0 0 0 0
0 0 0 0 0
0 0 0 0 0
2.212117 0.024668 2.9444884 0.906933 3.746752
0 0 0 0 0
0 0 0 0 0
0 0 0 0 0
0 0 0 0 0
0 0 0 0 0
0 0 0 0 0
0 0 0 0 0
0 0 0 0 0
0 0 0 0 0
0 0 0 0 0
0 0 0 1.735008 0
0 0 0 0 0
0 0 0 0 0
0 0 0 0 0
0 0 0 0 0
0.42651 0.797805 -0.016527 1.391686 0
0 0 0 0 0
0 0 0 0 0
0 0 0 0 0
0 0 0 0 0
0 0 0 0 0
0 0 0 0 0
0 0 0 0 0
0 0 0 0 0
0 0 0 0 0
0 0 0 0 0
0 0 0 0 0
0 0 0 0 0
0 0 0 0 0
0 0 0 0 0
0 0 0 0 0
0 0 0 0 0
0 0 0 0 0
0 0 0 0 0
0 0 0 0 0
0 0 0 0 0
0 0 0 0 0
0 0 0 0 0
0 0 0 0 0
0 0 0 0 0
0 0 0 0 0
0 0 0 0 0
0 0 0 0 0
0 0 0 0 0
0 0 0 0 0
0 0 0 0 0
0 0 0 0 0
0 0 0 -0.009295 0
0 0 0 0 0
0 0 0 0 0
0 0 0 0 0
0 0 0 0 0
0 0 0 0 0
0 0 0 0 0
0 0 0 0 0
0 0 0 0 0
0 0 0 0 0
0 0 0 0 0
0 0 0 0 0
0 0 0 0 0
0 0 0 0 0
0 0 0 0 0
0 0 0 0 0
0 0 0 0 0
0 0 0 0 0
0 0 0 0 0
0 0 0 0 0
0 0 0 0 0
0 0 0 0 0
0 0 0 0 0
0 0 0 0 0
0 0 0 0 0
0 0 0 0 0
0 0 0 0 0
0 0 0 0 0
0 0 0 0 0
0 0 0 0 0
0 0 0 0 0
0 0 0 0 0
0 0 0 0 0
0 0 0 0 0
0 0 0 0 0
0 0 0 0 0
0 0 0 0 0
0 0 0 0 0
0 0 0 0 0
0 0 0 0 0
0 0 0 0 0
0 0 0 0 0
0 0 0 0 0
0 0 0 0 0
0 0 0 0 0
0 0 0 0 0
0 0 0 0 0
0 0 0 0 0
0 0 0 2.393361 0
0 0 0 0 0
0 0 0 0 0
0 0 0 0 0
0 0 0 0 0
0 0 0 0 0
0 0 0 0 0
0 0 0 0 0
0 0 0 0 0
0 0 0 0 0
0 0 0 0 0
0 0 0 0 0
0 0 0 0 0
0 0 0 0 0
0 0 0 0 0
0 0 0 0 0
0 -0.012602 0 0 0
0.4714132 0.684192 0 0.455459 -9.111422
0 0 0 0.768764 0
0 0 0 0 0
0.0563 0 0 0.631088 4
0 0 0 0 0
1.1212224 0.695938 0 0.333991 6.4
0 0 0 0 0
0 0 0 -0.204163 4
0 0 0 0 0
0 0 0 0 0
1.658885 0.985716 0 0.663752 4.96
0 0.003664 0 1.213978 -4
0 0 0 0 0
0 0 0 0 0
0 0 0 0 0
1.706463 1.094719 0 1.7076984 3.93984
0 0 0 0 0
0 0 0 0 -4
0 0 0 0 0
0.326001 0 0 0.159557 1.6
0 0 0 0 0
0 0 0 0 0
0 0 0 0 0
0 -0.000898 -0.477245 0 0
0 0 0 0 0
0 0 0 0 0
0 0 0 0 0
0 0 0 0 0
0 0 0 0 0
0 0 0 0 0
0 0 0 0 0
1.119328 0 2.466603 1.593142 0.2
1.436249 0 0 -0.852344 -6.656
0.956422 0 0 1.327913 5.248
0 0.132407 0 0.17764 -7.84
-0.1462094 0.225081 0 0.097717 -8.121284
0 0 0 0 0
0 0 0 0.998626 0
0.304197 0.410703 -0.291883 0.123211 -6.4
0.2137342 0.031636 0 1.300656 5.3056
0 0 0 0 0
0 0 0 0 0
1.123673 0 0 0.083851 4
1.097685 0.474118 0 0.06178 4.96
0 0 0 0 0
0 0 0 0 0
0 0 0 0 0
1.5194534 2.793423 2.404552 2.76396 -4.788229
0 0 0 0 0
0 0 0 0 0
0 0 0 0 0
0 0 0 0 0
0 0 0 0 0
0 0 0 0 0
0 0 0 0 0
0 0 0 0 0
0 0 0 0 0
0 0 0 0 0
0 0 0 0 0
0 2.937067 0 0 0
0 0 0 0 0
0 0 0 0 0
0 0 0 0 0
0.061015 0 0 -0.033945 0
0 0 0 0 0
0 0 0 0 0
0 0 0 0 0
0 0 0 0 0
0 0 0 0 0
0 0 0 0 0
0 0 0 0 0
0 0 0 0 0
0 0 0 0 0
0 0 0 0 0
0 0 0 0 0
0 0 0 0 0
0 0 0 0 0
0 0 0 0 0
0 0 0 0 0
0 0 0 0 0
0 0 0 0 0
0 0 0 0 0
0 0 0 0 0
0 0 0 0 0
0 0 0 0 0
0 0 0 0 0
0 0 0 0 0
0 0 0 0 0
0 0 0 0 0
0 0 0 0 0
0 0 0 0 0
0 1.778686 0 0 0
0 0 0 0 0
0 0 0 0 0
0 0 0 0 0
0 0 0 0 0
0 0 0 0 0
0 0 0 0 0
0 0 0 0 0
0 0 0 0 0
0 0 0 0 0
0 0 0 0 0
0 0 0 0 0
0 0 0 0 0
0 0 0 0 0
0 0 0 0 0
0 0 0 0 0
0 0 0 0 0
0 0 0 0 0
0 0 0 0 0
0 0 0 0 0
0 0 0 0 0
0 0 0 0 0
0 0 0 0 0
0 0 0 0 0
0 0 0 0 0
0 0 0 0 0
0 0 0 0 0
0 0 0 0 0
0 0 0 0 0
0 0 0 0 0
0 0 0 0 0
0 0 0 0 0
0 0 0 0 0
0 0 0 0 0
0 0 0 0 0
0 0 0 0 0
0 0 0 0 0
0 0 0 0 0
0 0 0 0 0
0 0 0 0 0
0 0 0 0 0
0 0 0 0 0
0 0 0 0 0
0 0 0 0 0
0 0 0 0 0
0 0 0 0 0
0 0 0 0 0
0 0 0 0 0
0 0 0 0 0
0 0 0 0 0
0 0 0 0 0
0 0 0 0 0
0 0 0 0 0
0 0 0 -0.006665 0
0 0 0 0 0
0 0 0 0 0
0 0 0 0 0
0 0 0 0 0
0 0 0 0 0
0 0 0 0 0
0 0 0 0 0
0 0 0 0 0
0 0 0 0 0
0 0 0 0 0
0 0 0 0 0
0 0 0 0 0
0 0 0 0 0
0 0 0 0 0
0 0 0 0 0
0 0 0 0 0
0 0 0 0 0
0 0 0 0 0
0 0 0 0 0
0 0 0 0 0
0 0 0 0 0
0 0 0 0 0
0 0 0 0 0
0 0 0 0 0
0 0 0 0 0
0 0 0 0 0
0 0 0 0 0
0 0 0 0 0
0 0 0 0 0
0 0 0 0 0
0 0 0 0 0
0.351672 -0.565312 0.079627 0.829536 -9.1505704
0 0 0 0 0
0 0 0 0 0
0 0 0 0 -4
0 0 0 0 0
2.954767 0.217176 0.022529 1.404459 1.6
0 0 0 0 0
0 0 0 0 -4
0 0 0 0 0
0 0 0 0 0
0 -0.2151156 0 1.0209834 4
0 0 0 0 0
0 0 0 0 0
0 0 0 0 0
0 0 0 0 0
0.368221 0.500669 0.388967 2.898842 0.36576
0 0 0 0 0
1.060693 0 0 -0.288393 0
0.118024 -0.076019 0 0 -1.5408
-0.077197 1.505421 0 1.1865522 2.424279
0 0 0 0 0
0 0 0 0 0
-0.014157 0.000594 0 -0.256558 0
0.272163 0 0 0.021908 -4
0 0 0 0 0
0 0 0 0 0
2.818342 -0.113486 1.139785 0 0
0.009095 -0.015688 0 -0.0724152 0
0 0 0 0 0
0 0 0 0 0
0 0 0 0 0
3.0889564 1.842721 2.097084 1.95071 2.068058
0 0 0 0 0
0 0 0 0 0
0 0 0 0 0
0 0 0 0 0
0 0 0 0 0
0 0 0 0 0
0 0 0 0.72211 4
0 0 0 0 0
0 0 0 0 0
0 0 0 0 0
0 0 0 0 0
-0.006271 0 0 0 0
0 0 0 0 0
0 0 0 0 0
0 0 0 0 0
0.034677 0.076702 0.004901 -0.060463 -4
0 0 0 0 0
0 0 0 0 0
0 0 0 0 0
0 0 0 0 0
0 0 0 0 0
0 0 0 0 0
0 0 0 0 0
0 0 0 0 0
0 0 0 0 0
0 0 0 0 0
0 0 0 0 0
0.528507 0 0 1.70027 0
0 0 0 0 0
0 0 0 0 0
0 0 0 0 0
1.786266 0 0 1.404397 2.88
0 0 0 0 0
0 0 0 0 0
0 0 0 0 0
0 0 0 0 0
0 0 0 0 0
0 0 0 0 0
0 0 0 0 0
0 0 0 0 0
0 0 0 0 0
0 0 0 0 0
0 0 0 0 0
0 0 0 0 0
0 0 0 0 0
0 0 0 0 0
0 0 0 0 0
0 1.325512 0 0 0
0 0 0 0 0
0 0 0 0 0
0 0 0 0 0
1.747008 0 0 0 0
0 0 0 0 0
0 0 0 0 0
0 0 0 0 0
0 0 0 0 0
0 0 0 0 0
0 0 0 0 0
0 0 0 0 0
0 0 0 2.145667 0
0 0 0 0 0
0 0 0 0 0
0 0 0 0 0
0.416698 0.289452 0 0.130307 0
0 0 0 0 0
0 0 0 0 0
0 0 0 0 0
0 0 0 0 0
0 0 0 0 0
0 0 0 0 0
0 0 0 0 0
0 0 0 0 0
0 0 0 0 0
0 0 0 0 0
0 0 0 0 0
0 0 0 0 0
0 0 0 0 0
0 0 0 0 0
0 0 0 0 0
0.419081 -0.004145 0 0 -4
0 0 0 0 0
0 0 0 0 0
0 0 0 0 0
0 0 0 0 0
0 0 0 0 0
0 0 0 0 0
0 0 0 0 0
0 0 0 0 0
0 0 0 0 0
0 0 0 0 0
0 0 0 0 0
0 0 0 0 0
0 0 0 0 0
0 0 0 0 0
0 0 0 0 0
0 0 0 0 4
0 0 0.029331 0 0
0 0 0 0 0
0 0 0 0 0
0 0 0 0 0
0 0 0 0 0
0 0 0 0 0
0 0 0 0 0
0 0 0 0 0
0 0 0 0 0
0 0 0 0 0
0 0 0 0 0
0 0 0 0 0
0 0 0 0 0
0 0 0 0 0
0 0 0 0 0
0 0 0 0 0
0 0 0 0 0
0 0 0 0 0
0 0 0 0 0
0 0 0 0 0
0 0 0 0 0
0 0 0 0 0
0.988115 0 0 0 0
0 0 0 0 0
0 0 0 0 0
0 0 0 0 0
0 0 0 0 0
0 0 0 0 0
0 0 0 0 0
0 0 0 0 0
0 0 0 0 0
0 0 0 -0.019763 0
0 0 0 0 0
0 0 0 0 0
0 0 0 0 0
0 0 0 0 0
0 0 0 0 0
0 0 0 0 0
0 0 0 0 0
0 0 0 0 0
0 0 0 0 0
0 0 0 0 0
0 0 0 0 0
0 0 0 0 0
0 0 0 0 0
0 0 0 0 0
0 0 0 0 0
0 0 0 0 0
-0.119986 0.4846832 1.144404 0.4352348 -1.564581
0.596796 0.08267 0 0.6859682 -1.76
0.921149 0 -0.033135 0.402994 1.267456
-0.145218 0.001504 -0.1311412 0.491765 -8.0736892
0 0 0 0 0
0.159444 3.148754 0.065398 1.45661 2.5831438
-0.05364 -0.43757 0.168886 2.1033996 4
0.5884326 1.3363082 0.419957 1.61511 1.108352
0 0 0 0 0
0 0 0 0 0
2.6092706 1.452156 1.643733 3.418284 6.828454
0.888393 1.290134 3.457917 2.323776 4.96
0 0 0 0 0
0 0 0 0 0
0 0 0 0 0
3.6528524 4.8969658 1.9285394 4.9972628 9.993548
