1.0574462 2.939501 1.5023812 1.466725 5.2810436
1.561212 0.782885 0.838253 1.6755068 -5.44
0.997642 1.657393 1.25993 1.107637 -4
2.216907 0.747434 0.605299 0.726405 0
0.00046 2.435834 1.32713185937797 0.149688 4
1.985217 1.9564472 1.273313 1.530096 3.952592
0.429852 3.257518 0.872707 0.352761 -7.84
1.580878 1.098729 1.633421 1.7708532 4
3.064513 2.920497 1.601138 2.293222 -0.964653
0.001643 2.04965346897221 1.61991634089594 1.66136437113466 1.3978797492098
3.1444798 3.0231148 2.1507102 3.416903 7.085463
2.063936 1.921599 1.971634 1.159791 2.944
4.612081 4.6379728 2.6518428 4.689176 7.9020878
1.26097644690525 1.41364956579381 1.32192939510837 1.50272234315602 0.190474124806671
1.22129361668487 1.32834628962698 1.60708646238287 1.48566231498304 0.811274805883276
2.3004386 3.7545596 3.3619262 1.838328 5.309443
0.336118 2.0255042 1.516535 1.451612 1.76
0.837292 0.148296 0.389319 1.272477 -4.48
1.04507 0.765258 0.862983506523261 1.304798 4
1.155163 0.366013 1.627366 1.0242188 -6.472
1.19718320636482 1.40403613611425 1.22021397017471 1.949648 -0.544926540592634
1.743039 0.615714 1.741004 1.043555 0.74624
0.356204 0.845418 -0.005268 0.224669 -0.544926540592634
1.23953 0.980613 0.7895964 0.8821288 -0.544926540592634
1.2938294 2.20318162195841 0.553624 1.437757 -3.075457
1.35168272350678 1.86893188169102 1.58879511635142 1.55879032290568 2.24640383107921
-0.002837 -0.000767 1.62034436289829 0.115878 4
1.096817 1.77916242821464 0.529987 1.773649 -4
1.045694 1.3148834 2.8104456 2.148113 1.96864
1.03110532382913 1.32345998151336 1.16979060568034 1.42746242012372 0.183826982772663
1.08940557998346 1.39292746781857 1.36372296723173 1.51725136769288 0.576591329648689
2.2603756 1.392163 4.826626 2.5079708 2.536
1.143017 0.39878 1.06965 1.409733 -4
0.727806 0.749601 0.152396 1.238695 -4.48
0.078693 1.3616446 0.315752 0.878928 -4
1.1166338 0.594587 0.291365 2.046779 -0.48
0.909015932250552 0.937941690744901 1.05656043228835 0.97715372657217 -1.57607335459588
0.955862 0.882059372570444 0.94253062847919 0.476585 0.2
1.275015 0.81634 0.874939311795492 0.885173 -4
0.8998584 0.335856 -0.013385 0.5773378 -4
1.4838766 1.869118 1.62198882261859 3.122004 4
1.0332163688911 1.04317581245476 1.46436810553623 1.07295599435252 1.6762938084655
0.405117 1.23146125460755 0.561935 1.809285 1.29608824542463
0.905186 1.016805 1.49221751941982 1.19333 -3.04
2.319784 1.8157932 1.794981 2.4843232 6.4128
0.779235208626772 0.852645878742701 1.03527092282926 1.05733606054212 4
1.04699084542548 1.14146799396078 1.29125425235999 1.44940807721744 0.479444895189735
3.64496 4.314906 0.147504 3.900438 8.739536
0.256485 0.604854902905826 0.77410452038351 0.012599 -3.04
0.6247956 0.993509 0.93220302813353 0.533724 0.336947
0.2914196 1.0687282 0.061104 0.5533262 0
0.438113 0.3232388 0.212942 1.083804 1.6
0.493470119853154 0.73996564506901 0.82430299041696 0.621508688189092 -0.884744231799223
0.15081 0.618177 0.936493863827553 0.184361 -1.6
0.340077 0.615326573361603 0.852609043563173 0.002277 -4
0.796519 0.108912 1.15002 0.344068 0
1.309678 1.00392722412595 1.52523469766002 1.01770544474107 0.48
0.787477263472052 0.805452244703702 1.31294921468973 0.911258918973895 1.78529922086989
0.986019839857311 0.632843 1.14891244066579 0.007422 1.6
0.354767 0.688247 -0.015155 1.0496538 -4
1.690333 0.351794 0.898303 0.830237 1.6
0.809193837873306 0.818141646696078 0.8945661934072 1.03765433755718 0.419235864839094
1.06137352347737 1.22888296451032 1.03205415523363 1.32153478847053 0.412828335553535
3.5042298 0.658241 2.5585506 2.723855 3.7312
0.339353 0.779469 0.939211471778126 0.512907 4
0.159635 0.843833 0.619337 1.3758952 -6.688
1.858141 0.020255 3.355479 1.194666 4.96
1.466594 0.2345586 1.392018 0.439978 0
0.453175339089146 0.593898093796397 0.974258664715698 0.486020996182652 -1.1258151952609
-0.006704 0.489179346914744 0.846995676192097 -0.001787 4
1.309749 0.061972 0.461583 0.71966630355049 -4
0.910238 0.5498614 0.694201 0.86937121696408 -4
0.901368037407584 1.214244 1.44848128042144 0.65602226365378 1.00672234428629
0.693136006162937 0.498899584597068 0.899160917925003 0.71143071374153 0.813297365050541
-0.03178 0.917395598502224 0.903836774253849 0.281353 1.51680146081549
0.323445 1.021299 0.864784155352437 1.537548 1.89327910585292
1.397944 1.203817 0.754707221724948 1.612659 3.04
0.820918650458127 0.603467638471874 0.883950539079446 0.814553260962182 -0.424945155310025
1.00136320833826 1.11424954209568 1.02188510088359 1.23720824312212 0.621939730218621
1.5117474 4.757012 0.539961 2.513215 -3.04
1.871125 0.205413 1.051232 0.10019 0.621939730218621
1.345489 0.151748 0.531121 1.8365784 4
1.7606256 1.2 0.795255749016724 0.999963 -1.6
1.779723 0.616164 0.002685 0.2934122 -4
0.463278750259002 0.494706156468945 0.90775251755289 0.612748010071759 -0.906537021550645
0.520046560644839 0.3030502 0.872217261077957 0.270267 -0.862884257794697
0.4149954 0.200276 0.088055 0.648648 -0.862884257794697
0.666897 0.111801 0.1860136 1.08256990257882 5.728
1.00087828803753 1.27253090857285 2.063316 0.911488289363945 1.36729390835082
0.566512561871904 0.84576363026464 0.841471081252039 0.951072823080316 1.29690871435139
-0.02025 0.969107235591544 0.716098351325524 1.2307485253665 4
0.884902865002832 1.211115 0.714439 1.364127 4
1.941199 1.193626 0.600441965341196 1.9166966 4
0.676051628723725 0.80308658985014 0.547697225909379 0.834925361530509 -0.750737703379467
0.797062732009424 1.26812992317294 0.858593124950096 1.22764264542194 0.655157365300703
0.9736586 2.207101 1.047386 3.333163 6.4
0.627815056698768 0.027273 0.600441965341196 -0.423764 -4
0.393768 0.4793688937694 0.510473061083192 1.011063 -4
1.0299104 1.102186 1.286127 0.6889256 -6.5728
1.512546 0.59332604565529 1.277437 3.0127024 6.4
0.639852295408539 0.420247078649612 0.600441965341196 0.725232617247574 -1.48097999418114
1.178821 0.459308168475435 0.502128223997452 1.203264 4
0.137077 0.553952718353156 0.787823106286774 0.023511 -4
0.871981959955121 -0.116061 0.918793085377792 -0.037837 1.2
1.56001 1.61612497918415 0 0.894983496703104 0.390612297864687
0.571722422637634 0.89440863704916 0.088055 0.908743468692761 1.70065974944785
0.756723058586564 0.698362632002457 0.832957443500069 1.23153351747805 4
0.823153801000207 0.793292825384351 1.435688 1.632235 4
0.47761319972219 3.590336 0.116205788671742 0.753357148787778 -0.683148248137711
0.410833015433564 0.662257947283234 0.257540659425496 0.653493512730036 -0.970924553608609
0.613921577210341 0.820136035815391 0.912722924124191 1.24167615841685 0.313665563601272
0.83483138500827 1.2232388 1.12001091710782 1.7028706 4.8
0.356606861154349 0.283357871049015 0.509236 1.87164 4
-0.194891 0.140919 0.168404 0.518694 -6.4
0.059476 0.368225 0.812642117891967 0.062319 -4.96
1.352662 0.694665007555446 1.130542 1.0907648 -0.84758514463192
0.374659137137714 0.316635084987861 0.0835008944436383 0.667920188242194 -0.863450087973015
0.334124853207706 0.391799692777097 0.419617920551179 0.670157418470408 -0.655872410437692
0.605114255282945 0.004859 0.986832359187409 0.083205 -0.0866512071986652
0.993322 0.798241320079569 1.41332930175853 -0.02972 4
1.178821 2.73227567118092 -0.041206 0.922142603311058 1.35539571630527
0.471567088219048 1.07471415361595 0.88691950846361 1.05884523333942 2.83003564904959
0.903918988084316 0.008194 1.17191098570889 2.220726 4
0.9221016 1.142573 1.222066 1.54749663986657 2.39578374573682
0.757463758133197 0.675271310945667 0.385350155924076 1.42271528864127 1.31739482649142
0.76863709365523 0.759170944630408 0.349483628157761 1.31049173253899 0.873913768691011
0.888660914304546 0.888123605508425 0.807683974105694 1.5274963864393 0.533934541164822
1.201907 1.03778694338899 0.985976608902623 1.915212 4
0.663311049394847 0.152087060206869 0.301311555436036 1.16158954605634 1.82601346561217
0.3283 0.032195 -0.106464 0.485172 4
0.043745 1.001783 0.899063891451859 0.091986 -4
0.0112804 1.23581211835747 1.35226114153493 2.403352 -1.6
0.643928075658198 0.147587551191635 0.28535112582199 1.11425121533531 1.92396383964887
0.670343948560553 0.493619350375894 -0.041206 1.11881685874198 1.30038581911357
-0.077269 0.83633527821377 1.03190515784759 1.34195030653498 0.933293089266662
1.18880303080603 1.221395 1.38597378502936 2.407395 0.990009626175577
0.100128643153236 -0.016936 -0.0369171390930055 0.286581558981647 4
0.633910325009991 0.349593323518248 1.09165668063781 1.05774651114363 3.40431726956974
1.691044 0.84823218690398 1.29065932565004 2.135711 6.4
2.349339 0.844725758783436 1.222044 -0.011839 -1.6
0.921558867156266 0.101035090429475 0.423664980078567 1.57563292404688 2.1574201905892
0.909867712517907 0.49938898678794 0.382500495716094 1.45887437872388 1.60184743682054
1.27321814194631 0.869694533592654 0.811781944700483 1.76191354723359 1.48847417850115
0.493226 0.880283856650274 0.348394 0.6586768 4
1.3623278 -0.114063 1.116877 3.207121 4.48086
0.6383768 0.3814574 0.4806424 1.80629 -0.622209
1.8759958 1.9353726 1.496568 3.662068 8.155663
2.248303 0.9431126 0.0909412 2.835701 5.9461586
0.722093772914462 0.078764004362043 0.29045655029215 1.2664252790799 2.71284441753469
0.04123 -0.016936 0.734951101402302 0.058335 4
3.644555 1.712713 3.71642 3.21015 1.234842
3.247818 1.529441 0.4106492 2.8214256 8.762431
0.100128643153236 -0.016936 -0.0363835 0.419191254510145 4
0.714543222018516 0.469244199562242 1.11076730192056 1.13845690362706 3.11457579182136
-0.024285 -0.075811 1.31245559038636 1.86061244081139 1.6
3.529928 1.121405 2.25455 3.180283 8.49664
1.42583651254122 0.440963752977567 0.789096590042802 1.78760625752204 0.398127591062398
1.1744276271409 0.626979911023698 0.554560109683687 1.55875934090401 1.48095137832498
1.49009146417909 0.964421027325157 0.820056923312664 1.68869850772011 2.62624610456318
3.651323 1.0142852 1.0549752 1.617922 5.5384268
1.23331798350417 1.52103457760415 1.38861234701292 1.2664608823768 -0.45119141876217
1.03454361843256 1.44614536612501 1.12785961875455 1.0781478457289 -1.14946375092097
1.17775497032734 1.08506661102048 0.949875282987218 0.924814881997027 -2.23865559725503
1.1132030626231 1.41040131883018 0.856499243410822 0.91610887655936 -1.34773104155887
1.31153350808095 1.68155216524608 1.3522102673785 1.35170718666543 -0.629664387485037
1.20324131591454 1.59067913873903 1.25098511043918 1.2696660697069 -0.21485803830433
1.3084967868348 1.30151700179341 1.15247449434112 1.19892701936829 -0.153163553973469
1.46537862330519 1.70702766503089 1.2593316343856 1.40614335343568 0.99242089590991
1.80114065884895 2.39625801030856 1.81353503263981 1.85193923209188 1.09540342657856
1.56146659837481 2.03254316440105 1.63882688500646 1.66572664498086 1.3096218583017
1.50242549756328 1.77382633677065 1.813779215187 1.64040109851625 1.88851598561374
1.63373479562799 1.87277897524395 1.77728237643649 1.79331050200301 1.08770572897994
1.29061166641513 1.44219258841058 1.378506105493 1.52543897577227 -1.429440223604
1.12751789343606 1.38963085169036 1.27678721854458 1.36321188394712 -0.314197226588828
1.12732329034907 1.32807539675484 1.59205115253737 1.39498721645734 0.617642904118953
1.42317220862189 1.036785 1.77117843190698 1.64964658796129 0.522265766641461
1.736936 1.5946752 1.676654 1.2392872 -4.4430422
0.991992 0.033126 1.1075277759218 1.028653 -1.28644061843922
0.225859 0.987537031841827 0.1981 0.131343 -1.58201605514229
1.419024 1.18315737644183 0.82903528152886 0.257515 -2.112
1.17630050807788 1.44319813257946 1.24926031529331 1.22763310241048 -1.10315176413092
2.29566 2.306663 2.1581516 1.146667 -5.941403
0.538282 0.555101 1.06284482223285 1.05122219425154 -0.475947446739039
0.933337 1.44748138691069 0.156005 0.4264126 0.348012690875335
1.74758989956859 2.21986930878767 1.81533859852443 1.77609191241762 1.54956165663766
1.31740926182311 1.82302435668879 1.57566123688935 1.51325001091414 1.86033724869612
2.510747 2.102143 2.0478688 2.455651 3.7898184
2.403018 1.891096 1.574708 2.841257 6.4
1.10121510988056 1.33862576898037 1.29821831405718 1.38484389718399 -1.13577494998948
0.909309628687932 1.23297349194567 1.12969915968621 1.26057784759451 -0.563454198208086
1.07607991425863 1.34063818341004 1.45070225172009 1.43218146230561 0.26349742908965
1.813785 3.013106 4.117594 3.949863 1.879568
0.783677735863538 1.032054 1.06773057361269 0.354151 -4
0.128341 -0.053653 0.951075821291403 0.4116916 -2.10137273953164
0.4931956 0.714636055334258 1.140838 0.091318 0.2
0.675907 1.18618 0.346078 1.332215 0
0.882699090583629 0.998814149013968 1.06156703616921 0.932813544584368 -2.22384638682993
0.728867305553868 0.945003691934068 1.00386954168987 0.032064 6.4
0.327746 0.899243504392429 2.342872 0.178932 6.4
1.63776 -0.076754 1.322988 0.238969 -4
1.38147198422396 1.26418592415387 1.53811546291997 1.27599487053 0.821218112389714
1.00759779603243 1.10653705985228 1.40639068886239 1.02270157652816 1.4094760777931
-0.005298 1.914207 1.55609092353167 2.320894 7.84
1.256045 2.467416 1.898934 1.245252 -4
0.745134124548017 0.932252674990609 1.14539517515828 0.977644670671838 -0.78727965879804
0.684495914240812 0.877308825119466 1.03708532505007 0.963932140597267 -0.715570399514396
1.02154749243158 1.17759610942986 1.35253371610895 1.32534005255028 0.244756877798441
2.2866974 2.0863856 2.307557 2.976035 4.9216
0.81598 0.791958677395595 1.02540075059157 0.465991 -4
0.003634 0.8158868 0.187983 0.646501660285259 -5.7664
0.031143 0.175178 0.94447010395022 0.901027 -7.84
0.075206 0.533782326023003 1.730862 0.134883 -7.5712
0.537121305635994 0.862982473641942 1.05590690195267 0.653165737826332 -1.08238519074496
0.200813 0.674846 1.01418739464505 0.2207824 -0.850322624542315
-0.001467 -0.003844 0.991811597524394 0.006448 -1.06594390604699
0.7960419614172 0.783987460065523 0.983277692155827 0.176776 4
1.04681845472279 1.03618608925763 1.39759796552971 0.967071832575364 2.2006400510626
0.762629083508423 0.894164732629809 1.27051858495754 0.861512142954175 1.64819972885717
2.421699 1.20209416025001 1.28803661334835 1.01337071147523 0.96630048888744
0.5114116 1.930606 2.163835 1.1140680690508 0.81590327009584
0.790466584152207 0.878538118793622 1.0976625151381 0.919045354815734 0.637696400119889
0.706968109164234 0.8013918061725 0.933785401989938 0.948363270422785 -0.173281481373535
1.0175646413988 1.19707068224 1.12126140484896 1.1850882893858 0.0831462608336241
1.891381 1.703493 2.450406 1.8992868 7.84
-0.00498 0.640938909741072 1.09635283406215 0.068861 -1.06575204197048
0.151946 0.132466 0.858126499929327 0.340968 -1.66393897548306
0.194763 0.115625 0.009865 0.775951 -5.824
0.294972 0.472921 -0.166455 1.250057 4
0.468904060343129 0.666027463501834 1.10899056167717 0.501408176797067 -0.940706318999786
0.119818 -0.000971 2.063316 0.4289166 -0.940706318999786
-0.066958 0.009466 0.858596235163056 1.92757 -4
0.785372899536192 0.225171 -0.017492 0.026807 -0.853090536011277
0.86954818181073 0.727834708440118 1.19471072053009 0.562731515124374 0.678422060558047
0.650907042730527 0.486338900066851 0.802484160301306 0.634740924592961 0.812897381146735
0.867499837733576 0.871769793479619 0.934523167010569 1.915907 4.96
0.969460692707316 0.890007192207346 0.908695455683361 1.07199705233155 1.53781020352708
0.727453276218995 0.623515547907443 0.85117005336375 0.735915307621688 0.258485944427831
0.716870100717285 0.602498573759878 0.852076959213068 0.740863670119666 -0.661507510343924
0.945237269098909 1.05070407899402 0.952247746682726 1.11659826872633 0.314546913395515
2.5132448 4.021241 0.320817 2.5705308 9.222401
0.235662 0.717098 0.888283 2.256211 0.314546913395515
0.108564 0.488569173510491 1.338876 -0.184684 -1.58259785379602
0.118013 1.247596 -0.054334 1.077235 -6.4
1.632044 0.120124 2.312022 1.333226 -0.704
0.480941600066853 0.611633720378574 1.01167624665654 0.579835720257037 -0.687406662086643
0.474135483445137 0.806115 0.797136745443553 -0.002313 -6.4
0.680203621732777 -0.050015 0.743688572122568 2.578571 7.264
0.835155303543706 0.577033790586267 0.567759 0.016217 0.478483109587504
0.95826101630924 1.23479082855286 1.6218455 0.892040285023356 0.69398157873653
0.52485150596267 0.786524053062932 0.669503948908783 0.869808010610746 0.994879483049107
0.882058 0.886437784119503 0.679734240372758 0.366719 2.03124724782608
0.71605 0.928987216501715 0.624665414324468 1.473025 -4
0.707557302567527 0.665729760705099 0.534585862619498 0.838111352207773 -1.02925861591642
0.602572608494531 0.62672244562762 0.443983362768479 0.718695798215257 -1.38960723587522
0.84032162081458 1.05271456652644 0.800968812302939 1.11913357600027 0.451481505478434
0.304823 0.526389 0.924588 1.938077 8.963201
0.106603 0.095443 0.593178599775127 0.66337431153305 -1.99399241597726
-0.040475 -0.073685 -0.248662 -0.018386 -4
0.570951129652628 0.494185512720857 0.708008165887334 0.401593 -4
0.558411 0.551346698616546 0.863111805056864 0.019249 -0.35095634363435
0.584596706056755 0.394314622341709 0.606143691386782 0.662741589585096 -1.93713364434217
0.45922836849612 1.660688 0.442751635712308 1.632039 -1.6
0.014982 0.522115528653023 0.692436303473802 0.780734302758897 -0.153111122589081
0.764396754702049 0.69912230757412 0.794119265412676 1.2809962 4
1.56001 1.58659573388645 1.180375 0.863073274795777 -0.395389656487061
0.487194349036435 0.814514694136641 0.315527507537221 0.839823986890062 1.06410651214094
0.828650542899348 0.698129880695279 0.720478108383816 1.20665557360049 2.03630340538569
2.631371 0.616672 0.710435913419476 2.804002 6.4
0.39543313490463 0.503815800543726 0.0892815546084062 0.759492250569523 -0.78356588605911
0.339620441556806 0.476814797129852 0.150964495041779 0.600654651866643 -1.1235206681886
0.745165784307893 0.760426225778053 0.769036312110523 1.11710995133049 0.463091194452742
0.593892 1.678779 1.1981218 1.21735855660593 0.85600197449023
1.802055 0.617862 0.0709761142586531 0.686688059388982 -0.793475286686307
-0.08799 0.302128415234117 0.322595173135933 0.52931065597094 -1.51890031726716
0.424079804671298 0.475762 -0.028017 0.434486 1.6
-0.083261 2.278233 2.652056 0.347662 -2.88
0.324377861433628 0.239608665606461 0.0671919681102193 0.697613153372087 -0.684877476665323
0.2682615506876 0.299903542018175 0.321474543366006 0.005778 -0.672080536519111
-0.07337 0.558357562455634 0.86760576040805 0.831959990336821 0.17050548724694
0.741158247480253 0.780073069006572 1.1705148161231 0.88109434291855 1.6
1.178821 2.625512 -0.041206 0.901361529194392 1.23646146660616
0.379215749441239 0.919536257269631 0.658314333333333 1.04050215204911 2.63000802096937
0.828135126612487 0.837605081509459 1.07691483761827 1.25747588602647 1.83832901182182
0.918874567179361 0.1487844 1.04710330917537 1.36593173446806 -0.16
0.583847512947795 0.399176536633014 0.368187260049504 1.44088321885519 0.469190769244979
0.629801718055091 0.595021202865603 0.239817937339577 1.24332283444172 0.411384741719029
0.850918980642087 0.965403512513336 0.757368497775283 1.32305824692319 0.738237931163377
1.530617 1.173085 0.904228045957526 3.183711 -4
0.018265 0.010595 0.2998270747136 0.182717 0.704212413366664
-0.040496 0.487650773646123 0.484190115122794 1.10898629989082 0.391196588136852
0.769842298314944 0.904772578576005 0.827383408692436 0.290114 -4
0.783789 -0.022735 1.16752343160937 0.530631 -6.4
0.521900674349001 0.104296667930357 0.286260566139562 1.19864171157182 0.746556550863125
0.621119641563235 0.463269584477054 0.501664340593046 1.10668470011971 0.935234055244215
0.118068 0.433158 2.046008 0.96211 6.4
0.9527508 1.00041196614079 1.19720024007109 2.595145 0.805756842459911
0.107050356846764 0.1087835 -0.0363835 0.304138971179665 1.4742072042965
0.700158152505436 0.454403562286336 1.04143407133879 1.02522581273809 2.77203171126828
1.20492517902888 0.916639878867382 1.18532093662661 1.51481930014637 2.05809216077249
1.024251 0.88138746114899 1.897557 1.66150137062033 -6.4
0.652553041784969 0.0830380695702916 0.387910977809555 1.59813650264402 1.16170423824718
0.72521808915576 0.517364561974595 0.267382567563804 1.36142156130692 1.39471545218251
1.13403310385546 1.03776758165325 0.775356501801074 1.56042688412508 1.65242660822623
0.4139 0.958302 0.903422778554625 4.0696622 1.86496482058217
2.851145 0.0875755277622029 0.466803 1.562554 4.25984
0.8886544 0.215563 -0.023804 1.77838 -1.8299904
1.0714624 2.083807 -0.592501 0.816746 -4.8085684
1.5787988 2.176162 1.459849 2.364016 4.532662
0.552291845711611 0.0884665856134762 0.290120842860887 1.3716545729995 1.24154856947817
0.165949 0.582158745796035 -0.031561 0.822455 4
0.0511184 1.010089 0.938978704939907 1.46849666187948 -1.6
1.366456 2.797957 2.789714 3.681171 -1.5658688
0.107050356846764 0.1087835 -0.0358498609069944 0.461598745489855 1.43385691519489
0.798704615987579 0.55212315449322 1.04496767253668 1.09605425977628 2.5996373569824
1.37889957210567 -0.076873 0.050534 -0.266224 2.53004697404981
1.724033 0.769989 1.051758 0.684855 0.8336
1.10738393761636 0.374102729089437 0.631802586328383 1.75453088337184 -0.586034262860992
1.05490954618815 0.670605282287663 0.419419451881819 1.47680108425764 1.05086660623478
1.38405011664357 1.1421494337482 0.83108597775398 1.65266627278199 2.63450651545165
2.4036758 2.093399 1.263407 3.594932 9.455681
1.65561241024161 1.28779454200779 1.8907624741785 1.14185045479114 -5.10932121085463
1.1668560831617 1.10535573099343 1.34430186666667 0.89054512715079 -5.1922226
1.03113752336039 0.916223476596875 0.788449590681132 0.578863936994454 -3.92043849603454
0.804179977479384 0.555101 0.1770525 0.271220000373019 -2.112
1.69966927524663 1.35792706157337 1.9174028 1.14218199557882 -5.1922226
1.39585787984269 1.31929169208095 1.55755786774998 1.19407286325291 -2.48492267333874
1.39385781793915 1.37573659385998 1.21949580865649 1.17487241794032 0.444757076640588
1.32925440016021 1.49482466292052 0.962026504729178 1.20032664515823 2.65274775815785
2.29566 2.306663 2.1581516 1.146667 -5.941403
1.82672760675116 1.69457840755088 2.1030102 1.801159 -1.0757923
1.7997987392861 1.79315233364234 2.00302990349259 2.19232795574134 1.79169450995753
1.66487274489141 1.61839216446079 1.698511945928 1.86182978646346 0.0778384026166387
0.80858465385582 0.890960894839374 1.1547226 0.788031943304486 -4.26742720934574
0.762133271172758 1.0102331324577 1.11926620228627 0.798293802264064 -2.24878693451775
1.11525352678993 1.32499407484696 1.53787101762828 1.1932744365251 0.833995818461281
1.192724 1.67200354476858 1.47867876098026 1.38204496306387 -0.874190588410814
1.13943326080209 1.26514977920224 1.54038444324561 0.891081154381421 -3.38327742851064
0.801061617633588 1.24399194829709 1.38543530537977 0.735348873865416 -1.49978474898444
0.754679201246507 1.03164185262016 1.09371346888834 0.680030504340007 -0.685652882467036
0.665368273450745 0.89704229835876 0.871081433637419 0.633141466822651 -0.188569617756632
1.19677940182037 1.33000811041363 1.5883702 0.90786642191068 -3.27326759201619
0.880848046600891 1.34534280370682 1.45718223870964 0.92441069882201 -0.285556477449368
0.923735892120349 1.33349610624547 1.25082588448957 0.940172145963107 0.256615672016031
0.896096663217032 1.36261077100496 1.10407083164731 0.982330497924684 0.695902103706817
2.0877671 2.3377128 2.0220178 1.13493350348365 -2.27910797468663
1.16846272103742 1.6770997272751 1.76413992076106 1.27303046404322 1.57896856679131
1.47209273238962 1.73774119758808 1.82166590993864 1.63081264562454 1.67105694627199
1.31696140420492 1.61592143234347 1.68095111468518 1.50384327062459 0.349988096666847
0.600389354493395 0.918442409230123 0.932614612980554 0.786873662820248 -4.4716019296765
0.586689867100094 0.948834718160259 1.00919976324921 0.837590700235043 -2.38394591560561
1.04809088429296 1.23316160499538 1.60155065488523 1.2431317438215 -0.434347990996826
1.17526793947289 1.49166188338575 1.62297154274378 1.26061186364131 -1.20647835879882
0.9890932 1.585003 0.6327912 1.4925368 -4.3311166
-0.005286 0.965320016355163 1.16853646388405 0.026472 -2.03319898546815
0.007099 0.751616176296948 1.07923021892386 0.868703 -4
0.538016907374367 0.639752660434164 1.375903 0.562457591146927 -1.47424626088647
0.861083148220772 1.09790238962736 1.17065719525846 0.824645100657966 -3.28079818237577
1.8798742 2.3687626 1.885884 2.110091 -6.38322
0.713836 1.889663 1.193016 0.9631202 4
0.267045 1.17742500882426 0.107625 1.732794 -0.449520651253445
1.43007514643916 1.37065371320374 1.39655987912981 0.885790256327454 -1.26845861746209
1.01719190099288 1.33811683477452 1.49659171347739 1.1347366851857 1.95415002903767
0.6818186 0.532456 1.012307 0.7059144 -1.092801
1.16643114612459 1.55810303940903 1.63486599506273 -0.0023 -4
0.481891348061796 0.856288953730814 1.12643177748058 0.579409261023155 -1.65621715890632
0.611851858175666 0.912726585905936 1.0333581087239 0.844706020088781 -1.24117891680257
1.04079549407368 1.23725885435098 1.38578807484249 1.26567202173878 0.24438198064309
3.532851 2.3051054 3.624486 4.3011108 8.367632
0.041194 0.858364688082206 1.21758355318355 0.160845 -5.92
0.49389806971448 0.476915 1.11803599376458 1.484486 -1.10219904406473
0.510965250424162 0.799443 1.0323557899432 0.330101 -4
0.482159400245077 0.858537 0.928468322047295 0.904945 -1.6
0.634286114780911 0.858658155534845 1.22860136070915 0.631328676191771 -0.767220260087447
0.567344469051939 0.247727 0.455531 -0.078101 -0.309563507039878
0.675144010967824 0.817029354935159 1.14922260915798 1.43927 2.608
0.300873 0.637735 3.378096 0.777370366463852 -4
0.926434110655392 0.861774947382066 1.32510068837685 0.730510308607588 1.17235969347939
0.708211852928027 0.963480784054257 1.39499473917138 1.02141072213196 2.42089801010762
0.093704 1.31305582622232 1.49418928618832 0.029158 2.49515651026625
2.7378 2.368255 1.43149025159102 -0.196489 -1.6
0.501171196363145 0.686786791878752 0.896765324738197 0.543321666771521 -0.420909770676558
0.637230785163488 0.725925198571753 0.746416620334756 0.825432014361632 -1.04199294074387
1.02259342992425 1.14057288838079 1.09392120726629 1.09848422997606 0.292222118996826
0.2082972 1.180092 0.400672 0.592921 0.292222118996826
0.664048 -0.065394 0.998438473804845 -0.0224942 -0.630671718164381
0.518534341539132 2.656256 2.501537 1.402278 6.4
0.54312380115348 0.468265782839311 0.077791 1.979896 -3.04
0.054666 0.053166 0.686886264525707 1.059299 -2.45286563774188
0.593160549295472 0.665607606574845 1.01386709658493 0.503485068405306 -0.663245740301151
0.920747 1.195735 0.807208789690405 0.725286333900575 4
0.2991256 0.568037024431847 0.885227283264187 0.043819 -1.15921366089792
2.808617 0.007068 0.807218810862544 1.324741 -1.53671569864395
0.770624833672598 0.643062733644732 1.19686999565639 0.413403732124617 -1.06548047835037
0.669100326324965 0.564936277951903 1.05424588981995 0.867071022816494 1.06943730242142
0.964990754900928 0.930919972351508 1.08651054454791 1.0675401858529 2.37156604500295
0.907812243012242 1.078044 1.00012770838892 1.10905397671713 3.25443356143669
0.3573757610627 0.387073718077312 0.625491381067753 0.392039422413047 0.496197348188979
0.591784650472049 0.479987445534509 0.546540190726905 0.662045412563432 -1.29272586325369
0.968784964383577 0.962098478459606 0.821422187916748 1.00585682779563 0.531532599864728
1.2301142 0.82956 0.816272349457289 0.204967 1.09072391825876
0.902725 0.526404851421034 0.816542456209292 0.895136 -0.496839274408142
0.411350652006518 0.443752368603241 0.598249790582852 0.134815 -1.71268099541513
-0.040768 -0.117572 0.706193868721455 0.604104862869115 -4
-0.060642 0.377455175118299 0.616766797612883 -0.003164 -4
0.44122800294711 0.547638362110132 0.852685386459485 0.401689773912491 -0.634986365668409
0.438808142133433 0.451528941186874 1.180375 0.584324270227528 -4
0.643753345387092 0.025603 0.007852 0.729440803533591 -0.445614983829721
0.731482850543847 0.428657513071999 0.543029416006667 0.855783 -4
0.652350926408072 0.801331378535358 1.57299409155859 0.423982867490812 -2.06906222827839
0.440484742440185 0.542190771845851 0.783434715576276 0.666626649730054 0.301340869029501
0.842574912004092 0.792707394523721 0.778864758467865 -0.0030965 2.29782941171921
0.333476 -0.025502 0.438594 1.59137 2.29782941171921
0.32619342717614 0.166035584262291 0.290114227083607 0.446190572757712 -4
0.490442108299314 0.225134421615856 0.183867199668356 0.605493009613573 -2.60782186648929
0.86546650598427 0.800887465341101 0.75702541379952 0.972807464322926 0.324267319187779
2.197642 0.833476820896254 0.854668851295415 3.711453 0.866777525319284
0.203242 0.618791 0.407232134495201 0.398500737263812 -3.32166506704367
0.338614550095063 0.336044544574683 0.049805 -0.086749 -4
0.448656598309879 0.061817 0.664308936979713 0.560153941958671 -1.27284905889393
1.5829074 1.200841 0.956066 1.827099 4
0.320065505148178 0.397070531542604 0.431740348435313 0.390946579870513 -3.2384186389586
0.374572193923022 0.355734828105293 0.253477110181819 0.53503624049282 -2.26678261506558
-0.017641 0.560841907904922 0.559801887471604 0.664271731689197 -0.541903600923738
0.693502594854825 0.622632603551465 0.64172431043924 0.013514 4
0.297674726657141 1.10082390245516 1.180375 0.294196589645712 -2.49739997889509
0.327035919683175 0.680854571100586 0.30819827892001 0.424007937745408 -0.0733052804112044
0.732185092843263 0.78009071588107 -0.029859 1.00233844359485 1.38063996559205
0.717547594663879 1.631877 0.566568767697837 1.7097812 4
0.167122299001378 0.0890874087153844 -0.0911462690609846 0.706397809013949 -1.93590488598692
0.284086379449538 0.109419017730979 0.324719536061294 0.647938736381448 -1.92488355866414
0.845208841205241 0.703544805779974 0.81638388061292 1.01255554048014 -0.0171490953008837
2.1185974 0.841448 1.396252 0.981765 4
0.14160133686266 0.162558 -0.0911462690609846 0.612766594789399 -4
0.404034 -0.321955 0.549471124712747 0.853506 -1.51862096822364
0.500717928463251 0.531284080954273 0.93722784179196 0.411856 -4
0.777827469700462 0.576897232161663 1.17209478559505 -0.034526 1.6
0.136200559646739 0.311528133365224 -0.0911462690609846 0.597515386522748 -1.28385736415911
0.157826201113657 0.308929306818666 0.500565224892729 0.617953878637621 1.6
0.599982446554466 0.701808930823758 0.872635421498595 0.727498502709476 -0.058668964930601
0.516535 0.774626946404391 1.01566978559411 0.753596026481175 0.15493310546245
-0.0395746227736261 1.3807745 0 0.391200691476426 0.177049776839581
0.119867921407425 0.815474157067532 0.605472910457295 0.398379634985905 1.89587784333151
0.680690477748203 1.0819115252127 0.887093547494222 0.979672088006534 1.25781442152976
0.743832971388108 0.824839262023022 0.502915 0.497891 -4
0.401899489982439 0.100737336646039 0.171203435390198 1.28153296746246 -1.42857449958172
0.505532150573576 0.486712604635095 0.237970939438878 1.09987882432181 -1.13215571593828
0.87534986488861 1.0827407825048 0.844088800492196 1.17543239834632 0.22391359906777
1.215984 1.03634266814416 0.858971843391245 0.711975 -0.0924210124476124
0.336643934262692 -0.325413 0.131794551893601 1.05334677660114 -0.639318195965128
-0.154683 0.552130587970661 0.326515828030483 1.87035 6.4
-0.210512 0.923989616374752 -0.080956 0.03554 0.391194150509071
2.427384 1.15543737654292 1.00110800241395 -0.156663 4
0.323420795175414 0.209728352927784 0.12446818420638 1.01072605114993 -0.51011525372525
0.456357686080497 0.565087839481722 0.321826377091506 0.93897905426943 0.42674947398399
0.779902542900451 0.026985 0.821933061016853 0.967156322650875 0.599715233130871
0.999317890850589 1.05024616668857 1.316647 -0.471025 -4
-0.0206976666666667 0.667682 -0.013569 0.19579525 1.25570397771653
0.35269452037966 0.664487919675293 0.427602708509691 0.553949858100616 3.10950729302303
0.900540436171099 1.09282123494782 0.940203405616566 1.24317243532063 1.95693619650505
-0.107949 1.03338994373255 1.32 1.709278 4
0.350288437765617 0.0942916358924894 0.171203435390198 1.50408993303512 -1.26239604452986
0.483129473429826 0.640427246744574 0.233725536434283 1.11265354443013 -0.0800186484678729
1.05374997518113 1.26582498160348 0.897139381642154 1.3551335638573 1.39386445187123
0.086431 2.181574 0.905429631840044 0.026679 1.19855894571783
0.2945668 0.304873 0.435573 2.150738 -2.88
-0.321579 0.143783 0.2312442 1.1514764 -4
1.659507 1.4214384 -0.173294 1.7425018 4.0856576
1.162082 2.102847 2.163511 2.850355 3.7871442
0.290148459818848 0.229606866358961 0.12446818420638 1.29158603247719 -0.509795081343113
0.514456430075582 0.234503 0.311504304412296 1.04871652858304 -4
1.916864 1.222743 0.806028502293542 1.846449 4
1.39356 0.54844 0.304583 1.7134104 -0.63232
0.00771750000000001 0.619748096699005 -0.013569 0.388698 1.13228616961022
0.49779932090085 0.613380259868081 0.437207561614691 0.684600203870921 3.22635465765127
1.09847441769858 1.2 0.98595068167143 0.588172 4.6
0.452107 0.21838 0.77693 -0.072992 -2.176
0.64579935928419 0.220878441590624 0.171203435390198 1.59570396450722 -2.42311786003582
0.716034493674398 0.720561029099789 0.0463813500610203 1.15024350310347 -0.133937869666525
1.22754281501938 1.29706923319122 0.885557529980037 1.54949840205881 2.69431332094774
3.0712026 2.9839046 1.1057162 4.2120626 9.473721
0 0 0 0 0
0 0 0 0 0
0 0 0 0 0
0 0 0 0 0
0 0 0 0 0
0 0.019774 0 0 0
0 0.019774 0 0 0
0 0.019774 0 0 0
0 0 0 0 0
0 0.019774 0 0 0
1.35018269064241 0.019774 0 0 4
1.27639021099006 0.715787423389737 0.6327912 1.4925368 0.29538617964204
0.519496862154119 1.585003 0.6327912 0.800186576740348 -4.3311166
0.317651623732419 0.758954592564859 0.6327912 0.766899163106835 -4.1655583
0.874975324789286 0.019774 1.375903 0.470958765989198 0.221993880436105
2.661128 0.8023885 1.0043471 1.19793081075115 -0.927279748800545
0.923605195825373 1.93351890553879 1.19000641231272 1.18930162520937 -5.2436294096807
0.70005523205834 1.94992181954373 1.23883657429908 1.06990585549895 -2.85890595914235
0.537502488798943 2.11591815258508 1.14859059367136 1.10025095442175 -2.05222344342729
0.315358615331409 1.889663 0.900550370976803 1.19638240425356 -0.221993880436105
0.989428761290721 1.9768828 1.2593376 1.25268299533298 -5.3571683
0.742996862819147 1.34303014879929 1.22149587616722 1.05002247969606 -2.40861576257412
0.603562161238333 1.22227170098662 1.11130246510074 0.943282344838684 -2.11184061035878
0.416854881248873 0.854514239449721 0.895992767495859 0.877543632199942 -1.20253958398257
1.8798742 2.3687626 1.885884 2.110091 -6.38322
1.10557477230876 1.18411492048446 1.36993739146556 1.27048268289565 -1.34607254713903
1.36001389516048 1.33124944311058 1.53091097678275 1.55760134084426 0.71248445608095
1.11796200565242 1.3085523342302 1.30183392794085 1.32838266516138 -0.270821274976978
0.459521046121182 1.26656261126721 0.9310631 0.896883691551479 -4.32685478699551
0.465540474414276 0.853523691221386 0.956176837936701 0.746780193393751 -3.04275737072557
1.06579648730096 0.728191512751461 1.54517325 0.90876811168351 -0.839755888505441
1.07432747914037 1.01595990711863 1.35174267226641 1.00089406209996 -1.56592603643579
0.785221258978409 1.27638660049004 1.05600002183548 1.04015059494603 -3.7048145890471
0.706965136494273 1.27242253819631 1.08791683784159 0.91867735454569 -2.07872887113362
0.618065420137796 0.956417679055502 1.05138886739756 0.83427090033906 -1.65811407284171
0.475374380267273 0.820230258778141 0.992142810439337 0.726553127050498 -1.59344353352573
0.838273244044686 1.2775887493079 1.06870336496199 1.06201446174622 -3.61326842635799
0.765031863894966 1.28968482768929 1.13308014982782 1.06756070542655 -1.3919705711691
0.849234665260977 1.14918399263242 1.09942534126214 0.906958905261813 -1.26845740590235
0.813468058341159 1.1457287642437 1.06243337458664 0.814123102295131 -1.21815493542632
1.5559478 1.28825646307042 1.16379690895424 1.32386627895286 -2.5804095
1.01031076699639 1.38171541351199 1.19673824916146 1.35084995652676 0.604906716843791
1.28141638174492 1.58930557836531 1.27547868734132 1.39679898938911 1.18372945226059
1.12426888249833 1.53079015419243 1.32244127766943 1.25216498516787 0.161777741271326
0.71319575060571 1.0839021916232 1.59260745222807 0.839631137629014 -1.16362878904671
0.683764963403377 1.0444303764438 1.31806478858991 0.9508049028535 -1.27849552650361
1.06279193799544 1.11965610945881 1.14371126945391 1.09952906569017 -0.0568338530763153
1.03509352695325 1.14324147073798 1.10360792155653 1.08635164427994 -1.25393722770856
0.720212 1.5804226 1.229335 1.2682304 -2.896984
0.861235568362957 1.12560127756633 1.28231706134803 0.890911731984572 -0.869271822994306
0.858103 0.864353960362181 1.13937167069038 0.35865 1.6
0.582439 0.092393 0.167997 0.143289 -4
1.09344262413666 1.1539552743566 1.40134572037029 0.978208463095464 -0.693075653065441
1.2320214 1.138857 1.075494 1.792177 1.222401
0.640978 1.07554402740288 1.15212043147084 0.57568 -0.451145029317446
0.444181 0.980997063634134 0.054006 0.126862 -1.31895126201498
1.687137377379 1.23113696783801 1.21983811725533 1.2378205316387 0.124106345641902
1.12728739873741 1.46270076660707 1.16234620080542 1.3255669805531 1.68817701273736
1.6635354 2.046992 1.4798602 4.226408 4.0312322
1.745673 1.47713839325853 1.33270139116853 1.2451405711059 1.55453377815247
0.812298414290004 0.803671529882239 1.18896289865324 0.630986907058834 -0.886942126387325
0.902098560062138 0.882834006525477 1.05848103311647 0.918193699527313 -0.963458079080334
1.04340798417373 1.08702565118811 0.909668831581177 1.10659446266822 0.314571791081786
3.1438978 2.5963374 0.705979 3.7309178 9.458791
1.0345326 0.888846969067144 1.07602395045789 0.162005 4
1.210065 0.137722 0.931668611948875 0.319236 4
0.800574952967103 0.553612 0.791656700573127 0.00166 -4
0.4171304 0.190352 0.108295 -0.093291 -4
1.04292272298968 0.8999309742797 1.05970613069135 0.660108291385413 -0.323218562044851
1.143314 0.333332 0.932285869507192 0.5818738 -0.182304886718007
-0.039907 0.759742207704098 0.83112275586925 0.772366787156607 -0.100030077059104
0.767402116863719 1.1618968 2.621757 0.5363806 -0.632381425285594
1.30787161542231 1.00544527421731 0.880762820995308 0.719754544188425 0.777176793834545
0.984360426233503 1.13231328058017 0.834905362623056 0.960123078010668 2.4948988590156
1.02266693594861 1.10081053883388 0.963609261332493 1.20992853821265 3.26224236418306
0.433644 1.00786033321211 0.993903365174993 1.21962704329525 3.00786055031852
0.57929981046694 0.534321649169922 0.912673697974931 0.460667068544252 -0.412064242697528
0.782997426591816 0.779128194872312 0.86704875509789 0.821638766783433 -0.771737507945471
0.968661145579129 1.01278212668557 0.74830086504762 1.0976902000366 0.759047872295185
0.325093 2.4292348 1.602776 1.839785 6.76
0.746586146032542 0.725957263338057 -0.139286 -0.046635 -0.257857632239676
0.733895719618505 -0.417068 -0.045047 -0.001971 -0.885384888294502
2.86314 0.453711 0.743063721990835 0.987422 -0.663278470042203
0.797021565920467 1.137416 -0.072074 -0.034216 -0.997833015744453
0.770989972288437 0.755533160954312 0.908567291211143 0.434653810567598 -0.229422128182627
1.002362 0.769874 0.724335654279143 -0.01337 -0.305676155500265
0.119824 0.688548972034533 0.670007575863766 0.635533211272422 0.306864451370511
0.501077 0.082994 0.227329 0.752003147456685 0.397378826823819
1.04256744894662 1.11675122434037 0.898065212267608 0.389766521134312 0.293136530966385
0.902232934855635 1.04158586772221 0.564655922546443 0.417999043323155 2.12631014621719
0.916244074153478 0.840020392311355 0.732976367257191 1.00579761554333 2.96515583365762
0.778097319817836 0.15057 0.705839438671447 1.671788 6.4
0.230730260217936 0.017576719191929 0.475759002531543 0.282361557245741 -2.25028971958327
0.606988558071409 0.417170205435854 0.378236679461003 0.610316243289308 -1.88980367002323
0.874981459197394 0.695897499918715 0.602753720485131 1.12330923497256 0.713394413635216
0.806690691821901 0.720160867111415 0.658592 0.599595 1.09154437011045
-0.018859 -0.045184 0.499276367889672 0.197258155610119 -1.45561419724589
-0.064676 0.236717575880317 0.344791209396636 0.419416047439242 -4
0.634867861655458 0.442284618719042 0.434800898517658 0.551761007340149 -4
1.294218 0.476953 1.978532 0.038906 -4
0.230350272477996 0.149375218462041 0.503688943199575 0.183723220191466 -1.32368773578584
0.002839 0.239641067801366 0.309934780300485 0.018246 -1.25127848477297
0.624638001038628 0.524616118761507 0.382299550559351 -0.048482 -0.64
0.751708077332773 0.617741206497458 0.392635738779086 0.756259202736927 4
0.2297150019325 0.769874 0.5892925 0.0090441300328383 0.533333333333333
0.517053983902176 0.300226115003473 0.204253577071823 0.0399684607243042 1.71661929057817
1.022746 0.620256296372713 0.440358362369938 0.324204 4
1.190455 0.517585757678467 0.078797 0.845613133764439 1.7814490171664
0.0200362762885935 0.0195969313843087 0.295270668710085 0.689781654712838 -1.16219607442331
0.183191099522998 0.18510120882499 0.512219748532272 0.702287234838055 -1.33199037546131
0.833286518993873 0.629277928753559 0.625586232515824 1.05359112963694 0.826358006997145
0.408704 0.58130786901248 0.75714 1.468003 -1.6
0.0106525120615197 0.177439825907031 0.295270668710085 0.265892 0.175269987059126
0.198555487395535 0.268190524778946 0.456243777209904 0.771578 -0.736313976111435
0.703978220321263 0.513073237058752 0.605043640423803 2.781754 -4
0.43585025 -0.027631 0.670797212887281 1.299361 4
0.00875913274891765 0.209809026418929 0.295270668710085 0.454317037115656 0.388953513903792
-0.077528 0.284191958905797 0.377172023906738 7e-06 -0.226816913352278
0.715729449629785 0.687624760451322 0.026421 0.65400393756277 0.542984866724828
0.94648894489733 0.754504700125328 0.550500740895435 0.675572 0.271031585149939
-0.0395746227736261 1.100861 0 0.0138204099450062 3.17093843998185
0.459553994505278 0.623338470672932 0.00989503853385509 0.0577072281886589 2.63204717243112
0.699813347618014 0.904782176577366 0.489230892400925 0.507669865209252 1.85256800328349
-0.107336 2.495371 0.439371065452569 0.090096 -0.0334441706890821
0.0111507623800958 0.0256963562379397 0.209429316797272 0.962249483362135 -3.25422697782807
0.33295021926202 0.396176998570647 0.411757109932758 1.00398933171298 -1.86483103853968
0.827657355063119 0.92955502401845 0.642064847225548 1.02905032075731 0.890682364718585
0.23815 0.640501 1.135066 1.0038827358399 4
-0.413815 0.171297874550599 0.152314187007126 0.766694937237245 -1.50218892125776
0.407782457769492 0.468480594465448 0.332741038522328 1.895592 -0.551681083555535
1.211912 0.684798234095956 2.599166 0.995577246036285 0.907132251972951
2.403026 0.835451753403601 0.517264260415564 1.722824 -3.5776
-0.00827262554331668 0.194674137730927 0.142385505583774 0.730211700911225 -1.2443400531407
0.415595356977823 1.100861 0.312366562541968 0.886507238750109 0.190864208716897
0.903652504184893 0.742386784456003 0.484939903469772 0.936412136706501 1.35846898618769
0.801542 0.87344089405644 0.208932 1.01679074150146 1.49985095995597
-0.114021 0.501916857486551 -0.0129836909451257 0.0351963649444991 1.66480979282735
0.601149586256031 0.668881641984401 0.00668678343271041 0.633776900354521 2.89836618460235
-0.019174 0.972252336182003 0.525331777353781 0.97622015169369 2.64562226655814
2.7971 0.969267692643945 0.524145773255542 -0.02207 1.48192759779477
-0.0154021384023469 0.0923023740807449 0.209429316797272 1.20039605556077 -3.38732112353199
0.341247536342064 0.667130058149338 0.460261672062684 1.09928282304819 -0.758057355721215
0.976467014993166 1.30849867096641 0.845226420787998 1.17709680730287 1.95074349357765
0.93794694101748 0.717819 0.797433561678555 1.23908779524641 1.12338709723846
-0.583909 0.231942068898298 -0.6437926 2.038105 -8.704
0.8323512 0.207453 0.549392 0.7589612 -1.1328
0.650228 1.88986 0.52822976546405 0.874608 -0.6854086
2.1983844 1.162574 1.089144 1.2260644 4
-0.0297534014366693 0.251337423605713 0.142385505583774 0.896722176956088 -1.88233791358754
-0.150514 0.602483473732783 0.004423 -0.045059 4
1.3107718 0.90142 0.543856625409821 0.9141888 4
1.297792 0.391169 -0.097659 1.562411 4.096
-0.150514 0.452234666666667 -0.0129836909451257 0.0495696462214333 0.969363443760705
0.781273816888087 0.596580603769043 -0.0129836909451257 0.728570227923717 2.3785708074226
1.18614798673837 0.88289350037606 0.553891438180988 0.745483 8.5312
1.12235318329297 0.946374611730924 1.097142 0.806327 4
0.0709833598707686 0.2214246150957 0.209429316797272 1.10954819045756 -4.62120990091276
0.479671752246492 0.694283874197752 0.242591222721322 1.08741790041464 -0.810346958442251
1.13323583692598 1.2876078169589 0.881710704959672 1.3634902296608 2.62606489377796
2.2642004 2.822787 1.8660516 3.982206 8.23168
0 0 0 0 0
0 0 0 0 -4
0 0 0 0 -4
0 0 0 0 -4
0 0 0 0 0
0 0.019774 0 0 -4
0 0.019774 0 0.242899 -4
0 0.019774 0 0.242899 -4
0 0 0 0 0
0 0.019774 0 0 -4
1.06676662275363 0.019774 0 0.454748331900721 0
1.06676662275363 0.019774 0 0.454748331900721 0.442624442098952
0 0 0 0 0
0 0.019774 0 0 0
1.06676662275363 0.019774 0 0.479644668099279 4
0.042635 0.019774 0 0.479644668099279 4
0 0 0 0 0
0 0 0 0 -4
0 0 0 0 -4
0 0 0 0 -4
0 0 0 0 0
0 0.019774 0 0 -4
0 0.019774 0 0.242899 -4
0 0.019774 0 0.242899 -4
0 0 0 0 0
0 0.019774 0 0 -4
1.03216090237564 0.019774 0 0.454748331900721 0
0.964569516003556 0.713750648014061 1.229335 0.696398110874243 -0.585311475131066
0.720212 1.5804226 1.229335 1.2682304 -2.896984
0.7891575 0.756791495161103 1.229335 0.8134402 -1.84988773053275
0.919782634592476 0.052065631954902 0.167997 0.368295135554927 -0.479277481998285
0.891236670420229 0.564196533333333 0.698666 0.548266911602949 -0.868996225202001
0.947799281233 1.38407076591876 1.16092622334962 1.50121475356067 -1.06520906092697
0.868818567432141 1.3596398 1.1524145 1.01010546979933 -1.10373727458076
0.750386574831566 0.586586424487914 0.42252824183142 0.578130112902091 -1.4346902474099
0.629740108358167 0.092393 0.114164663053099 0.289301497075449 -2.26895394675137
0.9761167 1.3596398 1.1524145 1.5302037 -0.8372915
1.02429876843875 1.55429663859874 1.24731091808629 1.55277280447255 -0.0389898663450399
1.01306381990337 1.12908715520531 0.708550545023265 1.20164908081661 -0.238570399449247
0.968637280970883 1.01545387291168 0.515405747410285 1.03297513140718 -0.781320083200224
1.2320214 1.138857 1.075494 1.792177 1.222401
1.19838399853939 1.5929245 1.2776771 1.97298745155651 2.6268166
1.35340839552878 1.75097356329446 0.866964406271318 1.96645695860344 4.83728003589231
1.23513591968202 1.7259956 1.13238608 1.70641069633345 1.21637800178748
0.982393825321751 1.05289548157332 1.7110426 1.02769974407522 -1.17250947543324
0.977106824022545 1.10726620976797 1.63958056766062 1.20494044973356 -0.817501479615595
1.06068699700913 0.991350589214442 0.62922822341716 1.25361400313786 0.279873124068759
1.01864195556882 1.19100056381516 0.979347221804367 1.31523185137868 -0.883035677239685
1.36163552494001 1.16797075392443 1.54242139773649 1.06250958661575 0.103102802087046
1.08526307355013 1.06857878767305 1.5214408 0.891417045934646 -0.387652954204607
0.849128781164353 0.731900475916927 0.89145885025762 0.583830907764145 -4
0.437336247519461 0.468035610481082 0.671946978472851 0.365697850913952 -2.90835598902894
1.41455568471479 1.18205236573034 1.5214408 1.06678633137751 0.281104339378437
1.20854035383471 1.3697568694883 1.36446169322875 1.22914108139955 0.556661525679727
0.965624857931092 1.14299943947491 0.977288278372818 1.00282579843983 0.51791498374785
0.694025747997237 1.12841661267447 0.834466550497616 0.953146235205465 -0.797808609426145
1.96625722388214 1.30701077506299 1.331839 1.10490235546627 2.13680021247761
1.48285051392015 1.75964983152051 1.1952303 1.63023601837483 3.14962851064354
1.20691057696583 1.65552303459509 1.18593309440368 1.79683645187922 4.180026692514
0.977473165621348 1.57015001984668 1.19221314957969 1.68321312553457 1.55290276677797
0.932371877939122 0.654197766651611 1.07216846574662 0.608106946200947 -2.38956951873048
1.30953139740285 0.94407118156869 1.04459614303025 1.00852820277012 -0.992286521993696
1.20708603855917 1.02345957797507 0.664786103691631 1.25687124108156 0.576630407872699
1.11331252737787 1.17090738078348 0.87564172440382 1.34928799601577 -0.305165799598339
1.015615 1.258182 2.1927502 2.1291202 -8.2184216
1.23073495989452 0.675725604125319 0.874885438721013 0.806563139554765 -0.449324787779844
0.415909 0.581029612504535 0.548402990521762 1.304238 -0.153817805204143
0.125741 0.557116723777773 0.453399172592527 0.570558707870856 -1.15949095277811
1.34499934939035 0.817389009793769 0.968934940285784 0.842725233042287 -0.503002286945245
3.436895 2.3464506 1.588184 1.876843 1.383935
1.14252449291005 0.802308462544769 0.680021895997355 0.9456534091195 1.36388901628592
0.932873742047131 0.832271001370025 0.64549950961856 0.977775912090255 1.10048953879203
1.68650913060851 0.973808561922337 0.797259068101461 1.12532768047839 2.73054472378034
1.52854944045793 1.23678512583966 0.836649551067312 1.40944466286368 4.22728876942296
1.8754504 2.782625 0.637383 2.448061 5.2
-0.030661 1.08033209483798 1.03494447268078 1.59117415652096 3.13203986252915
0.653921243451625 0.305766248974829 0.827448625528094 0.445957431246847 -1.32976367746386
1.28441456202844 0.8761682911579 0.872807192824445 0.942927661056852 -0.0620744694404819
1.21272536097316 0.967095793910316 0.83969170657743 1.23476535237032 1.23240071945524
0.651848 0.989878856712578 1.166149 4.00473 8.739252
0.971808305446999 0.538214163033175 1.517196 0.596119035417624 -1.222401
1.07791584741862 0.535814817829105 1.089144 0.388701 -4.288
0.052878 0.616853 0.594472446513132 1.450062 -4
1.663312 0.596278998191855 0.11148 0.0631522 -4
1.01524037588985 0.569507253540378 0.775377242988672 0.615364848269712 0.164876721595171
-0.007049 0.698764531434602 -0.00179 0.017562 1.2641686842468
1.16065905061397 -0.01167 0.597013428366069 0.749400980208152 5.44
1.08200124029892 1.216164 0.928838 0.84737544889307 6.4
1.45513893535671 0.880349585758222 0.64487645353146 0.795280507072577 3.44208857678903
1.41597423936653 0.954694148527195 0.575913770062381 0.884424718485972 4.32052814485482
1.02177734998401 0.792925070203503 0.825215213024008 0.000131 3.54690389042549
0.775901727345864 0.698097004664286 0.859915658714418 0.911658 4
0.330609100618817 0.164174161656178 0.603940321044353 0.209479100228472 -1.12466153842089
1.25320682610494 0.672036161305045 0.597606236148183 0.709722011325889 0.541054031749603
1.01787334664135 0.719799038839199 0.743703633196851 1.19647034973294 1.3632021704761
0.538685 0.699434100301758 0.342861 1.373223 0.843817408717093
0.2457936 0.229179692616544 0.514923 0.350310549920494 0.15112288314954
0.860404603597864 0.320286197915218 0.407948468811032 0.597392672784999 4
1.03977289596143 1.502182 0.386586647037429 0.755758650261381 0.966190566203156
1.14859358297163 1.201231 0.452710765524659 0.936941344320567 4
0.597811152309052 0.23997514480823 0.512603344593893 0.370490812607088 0.378230003583932
1.00557935635507 0.365225418338031 0.418134616656906 0.02259 1.36919864495953
2.181817 0.516824558979559 0.389923785688594 0.774912038895491 1.80159881899834
1.06428941464287 0.577862532097993 0.436115491694857 -0.004715 -4
0.87567760201769 0.3920455 0.199398743132841 0.589068195504318 4.15510172637108
1.11897877073018 0.3834858 0.256102068060491 0.679385939591597 4.44698267227151
0.850754480123707 0.592459921065496 0.570081070086163 0.926246340687193 3.33745004273448
0.64308095760481 -0.089646 0.629853516550556 1.87049 2.24157672258591
0.0733561423936363 0.313072235225936 0.266052389946522 0.415386748514905 -0.171827217026965
0.566417669634408 0.537817631749804 0.56409798874206 0.650820047068297 0.963787286770062
0.748086307079894 0.715897052362308 0.716569458830272 1.00165263139575 1.4648767611355
0.9986012 0.448899 0.096373 1.9560864 4
0.059363 0.529232787144008 0.266052389946522 -0.25433 0.887554754797827
0.332252531137164 0.465014976707082 0.433070010506604 0.516656319324898 0.923558708005347
0.757152055797374 0.005064 -0.041855 0.689429959001881 1.12357391967254
0.012596 0.53453323735594 0.520076440614054 2.573438 0.132882677186414
0.172847096988193 0.565769571602451 0.266052389946522 0.262353990617351 1.07254633654844
0.43257027779729 0.471577650241452 0.377851982332702 0.493159356974961 4
0.43215 0.740809610947043 0.031181 0.609838791028977 1.63309337498697
0.9010011273166 0.739272615680213 0.373700266971818 0.703902052264622 4
0.458048030893683 1.100861 0 0.0144499512294713 4
0.745305260591099 0.575909410940422 0.00789453457693603 0.340167943827396 3.7198956086056
0.739133843443412 0.760759752008783 0.372869366419095 0.527132348440637 2.84219142738083
0.557379228437901 0.742110731848957 0.323651636423193 -0.021448 0.643164573614787
0.0507571130613477 0.199023458815588 0.170850189879079 0.573951978195797 -2.51216425955291
0.361658725186485 0.337635533082686 0.374525744572081 0.692468080756003 -1.04330334102743
0.73512728442554 0.807754236565213 0.534090123781973 0.856414006462291 0.727772886601601
0.529721 0.339639 0.508997878810167 0.828490698258939 -0.315247172857957
0.078431 0.340528370207517 0.122251802630623 0.452008817832554 -4
-0.120707 0.424183225779573 0.297415008444811 0.42375 -0.43128809613448
0.860185701370884 0.633907407533126 0.381397854600435 0.857734648912183 0.877586647922526
1.04895022582345 1.034896 -0.518245 0.558757 -4
0.111656451759272 0.360078505819811 0.113865664396951 0.431020438142714 -0.943644490120564
0.387655434872686 0.451756473628757 0.279059343300637 0.017356 4
0.851503680546885 0.772226506228558 0.38043412900601 0.855177822781028 1.65606410984169
1.177695 0.158486 0.421438683701034 0.047546 1.81713529379913
0.28866225 0.5611005 -0.0150293090548743 0.110416687181724 2.96320328339182
0.55797170423249 0.64144123923592 0.021871071899677 0.675637658399744 2.7286600684659
0.903327191049351 0.908277484444315 0.397151626115095 0.999151471430212 3.1728325179212
0.783282372960312 0.954823348564945 -0.138052 1.12965735923688 1.76045079237811
0.070212349870558 -0.0438305 0.165395195222276 0.685177252392991 -3.08588365082309
0.307949120092496 0.436470623053698 0.379288828697104 0.752558860640418 -1.42806898137051
0.926501907385476 1.07506408522006 0.663055500490614 1.00459720359459 1.19019224304144
0.303496 1.20455804230567 0.649461607762884 0.815401 0.481662898766479
0.042789 0.214479321167204 0.116727689391013 0.058776 -6.4
0.2122132 0.483588709958677 0.620525 0.310489 -4
1.966671 0.544392 0.66323 1.3563658 0.0848174
0.903557 2.009066 0.850288 0.991845 1.8492
0.0435372045338054 0.244736978632243 0.108439914308181 0.506835718678255 -1.59773848722399
0.395964337623858 0.02134 -0.032436 0.184145 -0.16
1.184729 0.754317443284076 0.404852439352466 1.015303 4
2.136142 -0.179062 -0.625937 1.683212 0.440835
-0.084393 0.501372702455112 -0.0150293090548743 0.142855573731005 2.50878880819731
0.564859166739654 0.507568232356793 0.0174289103304121 0.69772637278686 1.8588647980864
0.716316 0.593948 0.392172942667452 1.452941 -0.48
1.711905 0.9768584 0.401129729917344 3.3235096 6.585472
0.215834591619958 -0.0438305 0.13768990842255 0.649081490079049 -3.75317610859637
0.438709624213424 0.386807632789627 0.202454020612759 0.815881174117776 -1.27093746127217
1.05311579613457 1.00562256346904 0.66280381105399 1.19147319681143 1.92696408115479
1.145602 1.6364232 0.632911899085533 2.1418968 -2.3296016
0 0 0 0 0
0 0 0 0 -4
0 0 0 0 -4
0 0 0 0 -4
0 0 0 0 0
0 0.019774 0 0 -4
0 0.019774 0.010245 0.521382442583764 -4
0 0.019774 0.010245 0.521382442583764 0.911407955433063
0 0 0 0 0
0 0.019774 0 0 -4
0.303329 0.718102914308091 0.010245 0.575948767172402 1.82889294272093
0.303329 0.778133313752844 0.010245 0.242899 2.29417106431182
0 0 0 0 0
0 0.019774 0 0 0
0.303329 0.778133313752844 0.010245 0.584490109366552 5.13340183586917
0.303329 0.834192800123423 0.010245 0.691494 5.13340183586917
0 0 0 0 0
0 0 0 0 -4
0 0 0 0 -4
0 0 0 0 -4
0 0 0 0 0
0 0.019774 0 0 -4
0 0.019774 0.010245 0.521382442583764 0.341269852791928
0 0.019774 0.010245 0.521382442583764 0.911407955433063
0 0 0 0 0
0 0.019774 0 0 -4
0.332176384077136 0.762477826363982 0.010245 0.575948767172402 0.493940637777712
0.332176384077136 0.82176247005615 0.010245 0.575948767172402 0.76553914804603
0 0 0 0 0
0 0.019774 0 0 -4
0.332176384077136 0.82176247005615 0.010245 0.584490109366552 0.44339996778724
0.564023 0.876523354483602 0.010245 0.584490109366552 0.682984607644226
0 0 0 0 0
0 0 0 0 -4
0 0 0 0 -4
0 0 0 0 -4
0 0 0 0 0
0 0 0 1.150743 -4
0 0 0 1.150743 -4
0 0 0 1.150743 -4
0 0 0 0 0
0 0 0 1.150743 0
0.564023 1.06750046699722 0 0.674942328712766 -4
0.764833292867956 1.1100264121709 2.1927502 1.06298995705772 -5.2531077048065
1.015615 1.258182 2.1927502 2.1291202 -8.2184216
0.715762 1.258182 2.1927502 1.51381125236414 -5.99215282746256
0.384659891001179 1.06750046699722 0 0.834357124484552 -4
0.535249543788028 1.1100264121709 2.1927502 1.11135078871726 -4.9661168413077
2.09229028635433 1.7421045147589 1.92391657212336 1.3464650655378 -1.30988511259623
1.62280633333333 1.8023163 1.8904671 1.28890858392581 -1.61379576242984
1.21698534600064 2.3464506 1.588184 1.04045181280343 0.0772990066270476
0.262773059962702 0 0 1.304238 -4
2.226255 1.8023163 1.8904671 1.2839913995442 -0.758426900653008
1.78851662365977 2.14573513852629 1.4816124683712 1.40114842898046 -0.0308439987487173
1.21372145542851 2.5645378 1.1127835 1.31618827635049 1.55463417005068
0.566137313342007 2.782625 0.637383 1.59730516970961 0.344707037498479
3.436895 2.3464506 1.588184 0.884878677051481 2.76456130260289
2.6561727 2.5645378 1.1127835 1.31892516809229 3.54577182407693
1.50458092930115 1.37384077398385 1.09279568912723 1.150743 1.0717918189363
0.953795988580925 1.00925864401599 1.34148919037183 1.43106766424471 -1.94983409218149
0.8321645 0.8534782 1.52478511405002 0.876848647076934 -5.48887905671622
1.30476396810216 1.25312551014338 1.34087104618894 1.17234710426256 -2.59185061082384
1.16325581976489 0.994516408100403 0.759404117904123 1.10796890099861 -1.25174630416971
1.06581035970125 1.148044 1.16970259180853 1.29411949409203 -2.21510227238856
1.60367440761977 0.998821715300385 1.20478821646581 1.12440587731754 -1.93677837170893
1.59766739764112 0.809446336774207 1.00248914545401 1.15566403474915 -0.904097652347588
1.58015087876651 0.823287888770331 0.556497667447056 1.10593192089156 0.415016988674025
1.20012134326856 0.629594262654423 0.280852179722735 1.247950247507 -0.234114875230124
1.68212003392471 1.016906 1.1601351971258 1.15394213438894 -1.4573114326752
1.85678983214409 1.0883186716704 0.971427488761671 -0.00277 4
1.51952161381292 1.16759874918442 0.677436973634448 1.22156443898596 1.91481331173633
1.16694848876777 1.16467485538037 0.594113148000443 1.32237637526879 1.86484383123284
2.26934125134277 1.1803338 0.694619983203663 1.40915867850066 3.32179885563514
2.45242895643576 1.31015080947492 0.692810336303281 1.42753327905635 4.80597332728694
1.46860513534651 1.00583319673261 0.811869014017693 1.42106601639654 2.98376092474031
0.962863889493146 0.893917755103508 0.992447799234512 1.38069082890757 0.373768357191155
0.730577778272916 0.80284294747093 1.02036913459794 0.674468849619231 -3.03484945585591
1.38433492124761 1.21043955856761 0.976091851871788 1.00154277106985 -0.424972360767225
1.22652969952444 0.931234919484354 0.802267501958665 1.08767329437547 0.609550391146136
1.04512515141244 -0.100709 0.995569673499887 1.309342 -4
0.648714 0.4487744 1.2124452 0.7541644 -7.5387376
1.25585233187607 0.674645276374148 0.733142496583636 0.051327 0.361925880685207
3.748382 0.603250102180484 0.450957226386715 0.872829606564765 4
1.33809444763131 0.563581369315913 0.37921257915642 1.02101767667692 -4
1.20808274812107 0.768331043940124 0.834011915636988 0.862688364286074 -0.528090676541549
3.138791 0.014217 0.424231 3.764587 4.50176
1.36185424256109 0.762357472865757 -0.177857 1.0028983129302 2.28363013471624
1.21359011243123 0.751261997933821 0.444799565912184 2.195603 2.06592681735586
1.78209562487955 0.733819140409317 0.519614260126894 1.0474964404037 2.79110518075053
1.88588762691743 0.878621118658569 0.449359399948521 1.2173951135433 4.34339694992912
3.559417 1.155742 1.5221064 2.034817 8.5312
-0.559101 0.78719454806155 0.904536205427782 1.28171458622481 1.59549981316148
0.553800803440521 0.6240368 0.784305855208769 0.410632809950518 -0.969502912870999
1.35756977698025 0.88094416599144 0.644198548988359 0.74884269037697 0.928927371949304
1.14327925806918 0.84835484447107 0.816934567353547 1.1200297327606 1.54456883835905
1.4128546 0.487336 2.3187976 2.700601 0.25248
0.834470489524664 0.412780425863899 0.614940459947295 0.610863817435419 0.130834441237404
1.207371 0.376428797900517 -0.075214 0.031335 4
1.04604710899069 0.38217711600158 0.685853 0.835392662065309 1.36415962210364
0.97315180582679 -0.032138 0.269077811944871 0.843837 -4
0.873365744527865 0.38123788 0.586996763165684 0.641823751987837 0.315318645911478
1.15748948278146 0.410471530422337 0.433417370306915 0.770280455294167 4
-0.0298606 -0.010734 0.301333692420878 1.156691 6.4
2.683336 0.074586 0.303989287629602 0.944837699714317 1.55554065612248
1.27497898468309 0.0170395 0.198792462946158 1.02119159342754 2.96862652775562
1.41255782362196 0.243658899942591 0.213086605578484 1.04260706906685 3.67302349413968
1.768726 0.65937177576166 -0.036655 1.16142879264925 4
0.046822 1.187148 0.385756 1.08120102755004 1.29698049023984
0.251599011647603 0.703035274193523 0.33034525 0.310296881036318 0.027205782795566
0.77695856806716 0.630496659178317 0.336770894236044 0.4551152835037 1.08609788720793
0.911482578394078 0.849210128590355 0.657658479676126 0.891502547659181 1.65140024497003
0.215918 1.21151 1.983011 0.599702 -0.48
0.356726068951087 0.633654 0.300738821081281 0.249359844325934 -4
0.375231582251522 0.417056064038218 0.244948516215736 0.349263699138249 4
0.635701262747484 0.041729 0.912487 0.324065 4
0.670523918743319 0.570577232827155 0.118984782604773 0.621786 -0.545121347713799
0.374697728564511 0.492753632375124 0.2948448 0.238739350280876 0.922251018618187
1.400963 0.394527995086396 0.189617676447786 0.400345366451231 1.37645858859469
0.702334224755474 0.610465510662766 0.0966138122549375 1.3909604 1.64363870800914
0.042514 0.67227169997603 0.0834860252798784 0.628233884958351 4
0.644848419405538 0.019862 0.152843 0.071477 2.90437822532647
0.918672791816582 0.004564 0.00813056834304994 0.564180974671181 2.6800411015215
0.837287808118702 0.700329620733559 0.454497779815992 0.781425896562722 2.0133412124951
0.709781685005981 0.748780805160362 0.487611560928795 0.721165589652296 0.493712354895567
0.244664426762276 0.19504260154311 0.234817151968282 0.282515744066232 -1.70689004745367
0.497280932438845 0.121052801611813 0.131769787347665 0.384149136326883 -0.621249086587298
0.711925502754174 0.734332223590845 0.422400098073407 0.735858853028983 0.34842540010296
0.485958 0.811427640436969 0.45379592976945 0.682020840314568 1.6
-0.225337 0.147380522699002 0.19035520808989 0.268483169450263 -4
0.354688974795765 0.110793148395563 0.296517 0.033198 4
-0.184401 0.499827982079089 -0.443544 0.027538 -0.188810405129473
0.70738549015282 1.823891 0.260265298280906 -0.298941 -0.638006897078514
0.274480629880197 0.139324385322796 0.181498308539526 0.265959526592724 -1.02059656880321
0.374392048310812 0.144481066296172 0.131376369691241 0.459424686473039 -0.422025490856183
0.657639501447327 0.671722066142969 0.304451038787233 0.7837469514131 0.572371712074084
0.724931677777069 0.796540723071572 0.340877125414009 0.918728280726617 0.615296764870751
0.338007081952448 0.02134 -0.032436 0.222811812066161 1.04676534656206
0.465906609286522 0.222785333333333 0.0330237394391949 0.646435556007954 0.378659026349529
0.844265644123035 0.763444345935026 0.616126903043475 1.10862128077749 1.61490547460368
-0.007466 2.188033 0.649406947877109 -0.000461 5.92
0.298866012261566 -0.295114 0.231191697627181 0.257560530813498 -2.67742097147088
0.404359435089192 0.110053920943876 0.115442479345592 0.400621580120776 -1.71925549283539
0.831276658700142 0.780714620091714 0.465845567627738 0.907456478316855 0.135315126599537
0.722384998177397 0.067311 0.499089379731746 0.741994 -0.16265346005892
-0.169813 -0.154395784399998 0.185205330323144 0.1990466 2.2784
1.14417 -0.295114 0.059732 0.60545 -4
-0.240957 -0.221509 -0.216548 0.606851 0.60576
1.2689752 1.502458 1.104004 0.9166234 -5.083459
0.206984615203678 -0.136887 0.176150907254268 0.250072627334719 -2.05887053615251
-0.018272 0.102310572919598 0.0964174919113721 0.410128 -0.995730559430358
0.97222 0.714770414599811 0.094237 1.683034 -3.616
1.821464 0.414078 1.560967 0.9508038 2.64704
-0.0249112769876838 0.02134 -0.032436 0.23421429531084 -0.200578570758632
0.390808703642201 0.222785333333333 0.0309005 0.766728229839009 -0.0963063751153411
0.91081689303717 0.770527936773013 0.712894359889089 1.16670011452302 1.72340368842054
0.475237 1.0438748 0.867103 1.4769456 4
0.514350448867239 -0.295114 0.210998642832584 0.297848340338872 -3.26469504830593
0.618323266777473 0.0793327050765547 0.170445327065529 0.645693192276698 -1.69645057186486
0.885671276128785 0.761144618552954 0.588389096618503 1.14694944173886 0.795980714204002
2.5447282 1.012027 0.610088518038997 2.406915 1.346816
0 0 0 0 0
0 0 0 0 -4
0 0 0 0 -4
0 0 0 0 -4
0 0 0 0 0
0 0 0 1.735008 -4
0 0 0.010245 0.962041851179361 0.911407955433063
0 0 0.010245 0.904902597399653 1.48859204456694
0 0 0 0 0
0 0 0 1.735008 -4
0.491450619439949 1.05628804551329 -0.00165975730451586 0.99037491526518 1.48859204456694
0.491450619439949 1.05628804551329 0.010245 0.832593 6.4
0 0 0 0 0
0 0 0 1.735008 0
0.491450619439949 1.05628804551329 -0.003141 0.994544715388767 6.4
0.491450619439949 0.989917 -0.003141 0.96312224144294 6.4
0 0 0 0 0
0 0 0 0 -4
0 0 0 0 -4
0 0 0 0 -4
0 0 0 0 0
0 0 0 1.735008 -4
0 0 0.010245 0.962041851179361 0.911407955433063
0 0 0.010245 0.904902597399653 1.48859204456694
0 0 0 0 0
0 0 0 1.735008 -4
0.499082380560051 1.08087851270935 -0.00165975730451586 0.839258187806472 -0.271972020493286
0.499082380560051 1.08087851270935 -0.00165975730451586 0.804245079884872 -0.0174171023736018
0 0 0 0 0
0 0 0 1.735008 0
0.499082380560051 1.08087851270935 -0.003141 0.824253438317749 0.911407955433063
0.499082380560051 1.388942 -0.003141 0.792390234958997 0.911407955433063
0 0 0 0 0
0 0 0 0 0
0 0 0 0 0
0 0 0 0 0
0 0 0 0 0
0 0 0 1.150743 0
0 0 0 1.150743 0
0 0 0 1.150743 0
0 0 0 0 0
0 0 0 1.150743 0
0.564023 1.06130481605237 0 0.413017921407888 -4
0.564023 1.06130481605237 0 0.356269888265806 -4
0 0 0 0 0
0 0 0 1.150743 0
0.564023 1.06130481605237 0 0.356269888265806 -4
0.564023 1.06130481605237 0 0.304122167378631 -4
0 0 0 -0.00277 4
0 0 0 -0.00277 4
0 0 0 -0.00277 4
0 0 0 0 0
0 0 0 -0.00277 4
0 0 0 0.541977396624563 4
0 0 0 0.605995603375437 4
0 0 0 1.150743 0
0 0 0 -0.00277 4
0 0 0 0.605995603375437 4
1.677502 0.594575340331001 0 0.413589120705015 -2.16781358921982
1.22002883931726 0.563957628954223 1.2124452 0.49450208802149 -4.74312309803336
0.648714 0.4487744 1.2124452 0.422248900217703 -7.5387376
2.198548 0.4487744 1.2124452 0.648369650626131 -1.7693688
2.65547666411031 0.594575340331001 0 0.395904577018347 -2.47943644625111
1.93971529714689 0.65605 1.2124452 0.010909 -4
1.75598138213645 0.255538915841871 0.861948458816184 1.06173231495719 -0.131568402112895
2.51196233333333 0.2314957 0.510398886407032 1.07980486242752 1.31950783572875
3.47731398453544 0.014217 0.106479518564498 1.42016510316349 2.11806306944627
3.748382 0 -0.177857 2.195603 -0.221993880436105
1.8937525 0.2314957 0.8183381 1.13688381033324 0.459692031826387
2.79520146669118 0.499337257528109 0.702092324615335 1.28580936434336 2.8695262738052
2.5537085445838 0.5849795 0.56056716012199 1.52828279695832 3.57589733793964
2.14368952483887 1.155742 0.624952016029331 1.82450355874761 2.58574961284383
3.138791 0.014217 0.424231 1.77636722507273 4.23695654381905
3.349104 0.5849795 0.617368968719154 1.6871935153666 5.61441193751259
1.8640348719532 0.572734880018343 0.800719678194771 1.3426390679474 0.837975080811084
1.20113903584808 0.642730897721496 0.902350756172681 1.15055273454329 -2.51532794729471
0.775248731507573 0.6192282 0.620327180680217 0.425034965651799 -3.80778082844404
1.90922309634048 0.785072860000612 0.772109229852042 0.75145394804225 0.360892210197499
1.80490090337845 0.551881801294144 0.878899230405835 0.934379376060603 -0.448875007056212
1.677502 0.553693268147731 1.01946233472632 -0.107569 -2.43328037825389
1.14279995627147 0.351451779671974 0.499625681073687 0.785376529147343 -0.315338708851628
1.42741969371482 0.263280446030885 0.405620816859272 0.8256934150441 1.19640888979755
1.70327549869172 0.0118388942993191 0.204307053502897 1.03401391053533 1.95999371515479
1.73811778393403 0.00964890734165467 0.253998 1.3232027759571 0.167075103029944
1.19616022226254 0.31813385 0.482102506912962 0.835659325403332 0.0539996783524354
1.71024521945585 0.373366693624038 0.404259239520732 1.0421068323392 2.40789859988999
1.48294999445287 0.377450614457672 0.304271588531385 1.12277780740766 3.03659641004952
1.36352701186255 0.506258230200981 0.363787842232813 1.27046466641053 2.57266956427228
1.7855915 0.0170395 0.288537 1.35986590766097 2.90802350276401
1.88406171915893 0.310788607445118 0.305053482280165 1.47239393920507 4.30923858408669
1.33279985639298 0.629206195873161 0.845949440640062 1.36276484617853 2.57330744121866
1.10592625830404 0.728774184823833 1.00150994511372 1.22551310357457 -0.409238451267115
0.711149603701581 0.647896396752232 0.57497330139419 0.583857536443203 -2.37615701528612
1.53480593126681 0.641826962575006 0.568900034847754 0.725810422718847 0.39761435456037
1.27202248574226 0.736833490160396 1.0078617450898 0.92869014313815 1.35010584086021
1.08945306626223 0.71533898068236 -0.048406 0.028731 -4
0.555767 0.789682 0.585155 0.7455644 -6.3288062
1.03403853476479 0.370486470076571 0.412320093426743 0.769722289018752 0.527371931116622
1.0382847279116 0.10068927445671 0.224180264734643 0.787579876729378 1.91308876695291
1.079751 0.0169959960698033 0.243424312204601 1.090811 0.622862961947988
1.08529817532799 0.465179263112825 0.451663639210422 0.819060216948639 -0.208682891999153
0.432392 0.019862 0.152843 0.174485 -0.64
1.08773214046417 0.38958798356239 0.261005769105085 0.886793413611601 2.2768226044932
1.033459 0.439779198370028 0.279036315417937 0.881537450931821 1.5901250309027
1.4594467469544 0.226221552885577 0.273521629738456 1.328619326092 3.3374587773144
1.50310165216152 0.45859384605247 0.239750837346645 1.19682671465954 3.63670426894445
2.041403 0.734033163786033 -0.141065 1.4885166 4
0.013998 0.691863 0.818322727676521 0.020737 0.600480180804056
0.484992478222573 0.702509333333333 0.293049384052523 0.494351655222127 -1.49382832654771
1.08081589662556 0.664014315990849 0.352590592031849 0.581597162106966 0.290454011530428
1.0531554780216 0.887599996682603 0.847778951306106 0.879305880866329 1.30524660630909
2.176575 2.552524 3.448756 2.571131 4.942459
0.592667015952537 0.582573184929611 0.260050708793578 0.446865116270443 -0.452802337063659
0.407589370021924 0.422958460758261 0.273211222197309 1.203592 4
0.017967 0.341110195324915 0.159819497062226 0.081758 -5.6
0.521903370119847 0.354112971222644 0.15478237595024 0.299161 -0.00030731421468835
0.605534384423218 0.5646656 0.254119114756895 0.437829814867361 -0.261386475494961
0.671354052115003 0.469702357717822 0.196642317861698 0.510823011116132 0.71579978139898
0.040351 0.547719453428963 0.039612 0.529361848528845 1.52907011633363
-0.01583 0.60033180755198 -0.277993 0.546954180301434 -4
0.71690235 0.3579 0.152843 0.254238 3.22620921064973
0.939220448443212 0.445419060895364 0.00477289647403836 0.649239406957986 2.92339742491577
0.912346124356803 0.737437929354078 0.678073365195699 0.095325 -4
0.841936 0.781842184199257 0.72359049712759 1.9389374 6.4
0.703580717564336 0.364015502945864 0.114621006329839 0.380582670401482 -1.70576589971144
0.764911064522452 0.25545601496645 0.0354815192406103 0.411273449433122 -0.719485959023443
0.800495787282569 0.69093093257529 0.659175187495889 0.695661460970548 0.177798649290935
2.642258 1.36118 0.742057341557028 1.455667 -1.6
0.606782334334069 0.435934658849661 0.114621006329839 0.067254 -1.40213410117267
0.440596284871753 0.232652025345455 0.0386407565655019 0.435683225426157 -1.19453908237106
0.490772227362004 0.442926 0.215001731460748 0.535321534108698 -0.661765189693927
0.413101385848511 0.449078125131125 0.572535 0.40238 -4
0.593226229707148 0.449236604525381 0.114621006329839 0.412922893147391 -1.33721580025786
-0.086968 0.287195845963068 0.0331975609845263 0.431968793695575 -0.887700366582822
0.569415513973316 0.581748331261475 0.327806484573663 0.073903 0.2623226164533
1.367905 0.647856143564961 0.378803113057333 0.656620877230654 -4
0.451185975699898 0.695938 0 0.499719846651915 0.911407955433063
0.570917576352701 0.525494357997462 -0.0491990044862489 0.530512796852384 0.181581094313234
0.860861228436737 0.817918678487012 1.01469243991906 1.03145602902737 1.38167725923391
0.928904 0.836451072175398 0.985830225926938 0.404975 0.906683465690677
0.780811309199357 -0.295114 0.101736600385945 0.23812515057162 -1.85814630822012
0.697989716471751 0.114519402441848 -0.0550944443668499 0.269291426389734 -1.0185986520445
0.916026350564514 0.712675960025556 0.857540086653772 0.849747910886998 0.00269318156814953
-0.096881 0.136286 0.946139528611725 1.059745 -0.350050603435735
0.53478992501392 -0.295114 -0.004195 -0.059067 -4.27264
1.494048 0.0406039219097145 -0.0648318252138063 0.730873 -4
0.395514 -0.127644 -0.079935 0.107476 3.453184
0.162135 0.106617 -0.476192 0.198625 -9.201665
0.495251535064685 -0.295114 0.101736600385945 0.32876848841125 -2.10954370097386
0.0232 0.0535010346421197 -0.066616488856272 0.28175 -4
-0.017144 0.686826889630429 0.360234752811234 0.704944760114646 4
1.4163656 1.183137 1.4141286 2.079467 0.9019904
-0.0254412421724809 0 0 0.552880338375482 -4
0.314078683154024 0.212098250956243 -0.098823 0.669684639613993 -1.10710576620047
0.776102715796196 0.053068 1.06503053951961 1.08905430093896 1.61775553959155
0.4570506 2.4078342 1.6726164 3.5848216 7.16032
0.968786564845219 -0.295114 0.0242315434112425 0.294829530852147 -2.03744614839197
0.795567239955436 -0.0903133514781163 -0.0560160886318578 0.44263320963976 -1.07583750540324
0.828767179794743 0.793269045378278 0.952737605456348 0.984063946605096 0.323517211587866
2.212117 0.024668 2.9444884 0.906933 3.746752
0 0 0 0 0
0 0 0 0 0
0 0 0 0 0
0 0 0 0 0
0 0 0 0 0
0 0 0 1.735008 0
0 2.937067 0.010245 1.33372936698959 6.4
0 2.937067 0.010245 1.2838005 6.4
0 0 0 0 0
0 0 0 1.735008 0
0.253904706666249 1.55127789155519 -0.003141 1.735008 6.4
0.253904706666249 1.55127789155518 -0.003141 1.00874807913879 6.4
0 0 0 0 0
0 0 0 1.735008 0
0.253904706666249 1.47229873605837 -0.00462224269548414 1.01824622279014 6.4
0.42651 0.797805 -0.016527 1.391686 6.4
0 0 0 0 0
0 0 0 0 0
0 0 0 0 0
0 0 0 0 0
0 0 0 0 0
0 0 0 1.735008 0
0 2.3578765 0.010245 1.33372936698959 6.4
0 2.3578765 0.010245 1.2838005 6.4
0 0 0 0 0
0 0 0 1.735008 0
0.253904706666249 1.59112815516316 -0.003141 0.845963305065557 1.48859204456694
0.253904706666249 1.59112815516316 -0.003141 0.800765137667824 1.48859204456694
0 0 0 0 0
0 0 0 1.735008 0
0.253904706666249 1.52316837195679 -0.00462224269548414 0.799414483022727 0.911407955433063
0.253904706666249 1.52316837195679 -0.00462224269548414 0.757951900800536 0.911407955433063
0 0 0 0 0
0 0 0 0 0
0 0 0 0 0
0 0 0 0 0
0 0 0 0 0
0 0 0 0 0
0 1.778686 0 0 0
0 1.778686 0 0 0
0 0 0 0 0
0 0 0 0 0
0 1.31317342586025 0 -0.000310848028520903 -4
0 1.31317342586025 0 -0.000310848028520902 -4
0 0 0 0 0
0 0 0 0 0
0 1.27455933333333 0 -0.000310848028520902 -4
0 1.27455933333333 0 -0.009295 -4
0 0 0 0 0
0 0 0 0 0
0 0 0 0 0
0 0 0 0 0
0 0 0 0 0
0 0 0 0 0
0 1.778686 0 0 0
0 1.778686 0 0 0
0 0 0 0 0
0 0 0 0 0
1.677502 1.217368 0 -0.0326936869762274 -4
1.677502 1.217368 0 -0.0326936869762274 -4
0 0 0 0 0
0 0 0 0 0
1.677502 1.15525473335248 0 -0.0326936869762274 -4
1.677502 1.15525473335248 0 -0.0326936869762274 -4
0 0 0 0 0
0 0 0 0 0
0 0 0 0 0
0 0 0 0 0
0 0 0 0 0
0 0 0 0 0
0 0 0 0 0
0 0 0 0 0
0 0 0 0 0
0 0 0 0 0
1.677502 0.65605 -0.048406 0.612522499908082 -4
1.17869791606973 0.719157814221195 0.250793666889628 0.540316251392356 -4.71986978237338
0.555767 0.789682 0.585155 0.3694497 -6.3288062
0.555767 0.789682 0.585155 0.3694497 -6.3288062
1.41169890036114 0.65605 -0.048406 0.695953606883908 -4
1.1482419237908 0.719157814221195 0.250793666889628 0.6115064171334 -4.71986978237338
0.500905598817995 0.447364643502077 0.392917982226585 0.313708834263759 -3.79915368381051
0.4940795 0.404772 0.368999 0.304461466666667 -3.4844031
0.857250035385231 0.019862 0.152843 0.658075345560562 -0.64
1.05788956758914 0 0 1.090811 0
0.4940795 0.404772 0.368999 0.304461466666667 -3.4844031
0.965622713354892 0.362179356497923 0.195443935156005 0.575525623598449 -0.962823942352936
0.936593861732169 0.337214986294132 0.00588900000000001 0.701288607784029 1.68
1.01570857174582 0.691863 -0.141065 0.844099070790512 4
0.432392 0.019862 0.152843 0.174485 -0.64
1.2368975 0.019862 0.00588900000000001 0.8315008 1.68
1.23853583970605 0.786645364693712 0.772114387592128 0.975231406462653 1.10567370177562
1.12001979270192 0.914126123721585 0.932297169210546 0.863640046075433 -2.14319581962279
0.5135901 0.736937 0.585155 0.606110804843982 -4.36930594620843
0.757316311309465 0.736937 0.242197049481289 0.674977390329674 -2.68743940700484
1.02424779407617 1.04819773572918 1.04364922883103 0.905230708374235 1.07307974318187
0.903785881189659 0.924000417107225 0.986882910341779 2.393361 -1.82304457308473
0.630635359745199 0.568389880082483 0.392917982226585 0.516622029100623 -1.73209077299259
0.461618350928717 0.5474185 0.274826482912223 0.479096779937645 -1.81367596291635
0.473227666862267 0.3579 -0.0194498070660229 0.494377804823763 1.17710469451284
0.401211718830122 0 -0.128003795799489 0.407887568163741 -0.0308101037163938
0.64519865 0.5474185 0.368999 0.501004756605583 -1.34922576360818
0.801203059383568 0.609985521257362 0.158767663544438 0.543871530435777 -0.417482397699673
0.712456799163105 0.485189317126549 -0.0506745080206819 0.636945095991892 1.34329141393806
0.67429403284646 0.544964420943767 -0.132193410654285 0.66019577785764 0.776785854432992
0.7768072 0.3579 0.152843 0.254238 2.88
1.10112520458489 0.567172 0.0155304849212358 0.561008233394369 2.27599763989659
1.15594468504884 0.79771236844693 0.525453841974425 0.984836555754217 1.39383029623841
1.06056580018692 0.759278022086784 0.578119197373617 0.937687117056051 -0.744748705720595
0.460520911245776 0.332062970264143 0.332391 0.579279954850589 -5.11696303894637
0.85608787615791 0.4888417756996 0.162673960089872 0.602030224447377 -2.68373333812223
1.15351048315716 0.890704957625157 1.00737337615875 0.971490454506095 0.287946418889076
1.00264002838446 -0.012602 0.840217287836675 0.865112848846082 -1.1726179834921
0.4714132 0.684192 0.223577551762978 0.455459 -9.111422
0.650741502626389 0.350495296210101 0.1759532 0.768764 -2.38938434376352
0.642709136379558 0.295323144821582 0.00313074438188359 0.483796186100054 -0.469673534108993
0.0563 0.208698223501166 -0.0378081386686812 0.631088 4
0.826465854496018 0.336270149470926 0.2100385 0.590024460453393 -2.10710400041758
1.1212224 0.695938 0.117422967838228 0.333991 6.4
0.804587241201145 0.33104673859042 -0.0335951796998484 0.617281918904928 0.273877764458462
0.695546996904368 0.312374723937414 -0.0821418974422563 -0.204163 4
1.10628277706752 0.34047732867771 0.087686 0.614386314380975 2.75563226317812
1.18087969021688 0.385989590021156 0.01847975 0.647132398706105 2.45256928999691
1.658885 0.985716 0.588703397993574 0.663752 4.96
1.01811054439117 0.003664 0.619052741588449 1.213978 -4
0.938966508712743 0.05944 0.0400419963807394 0.40072830323283 -3.79442831943048
0.928306160847329 0.182135750772421 -0.0330806747556634 0.467461042000926 -1.91196216026434
0.841875356243558 0.552040384380468 0.929732652710999 0.884322467049371 -0.288139836776352
1.706463 1.094719 0.780324867384755 1.7076984 3.93984
0.971744751209317 0.236026788678374 0.034839654656775 0.49443978514574 -2.52394945225693
0.66573655122825 0.189037627704501 -0.0369347264580642 0.399041178486209 -4
0.488678267608222 0.321526089914987 0.0317052118516538 0.495596464118678 -1.23821831145999
0.326001 0.319754970850394 0.0454301520165278 0.159557 1.6
0.976518658096426 0.2579985 0.0339922663390694 0.510763120622274 -2.29676996192645
0.82306101076829 0.199259741355371 0.108614876054502 0.414788579621554 -1.2637177423963
0.657228364462415 0.359615784456744 0.255853259741427 0.597963238667621 -0.241052434415261
0.530648811340393 -0.000898 -0.477245 0.571888166925675 -0.496847421269718
1.02951144989204 0.456557 0.022529 0.767476328126765 1.52707706678767
0.951126565271353 0.266876510393326 0.226431658096112 0.463775510612368 1.32904231869402
1.00482316261095 0.601219993603481 1.01360909777253 0.990204444940655 0.945109148978187
1.00369449500637 0.596571760614266 0.997512292597241 0.931558035816022 0.0826567775890304
1.07500842822282 -0.565312 0.0353900036192606 0.22619004782268 -3.75899904622158
1.1343554069146 0.0633933977630393 0.265734353319285 0.30616213907568 -1.46230164594139
1.02722893147166 0.603944293191457 1.33067064351765 0.978961684159536 -0.130903309500426
1.119328 0.593499064267082 2.466603 1.593142 0.2
1.436249 -0.217361539306141 0.0318610860148606 -0.852344 -6.656
0.956422 0.0572129109922552 -0.0594193925148364 1.327913 5.248
0.529646136662608 0.132407 0.070982200005058 0.17764 -7.84
-0.1462094 0.225081 0.0989693620590857 0.097717 -8.121284
1.02106689985284 -0.174068 0.0312646066816082 0.429412371609602 -3.16727301442221
0.852480600451289 0.0299616362863629 0.125785199391943 0.998626 -1.37190955714085
0.304197 0.410703 -0.291883 0.123211 -6.4
0.2137342 0.031636 0.420295577953523 1.300656 5.3056
0.928214191665756 0.217176 0.022529 0.88120282842941 -1.35539571630527
0.901622247006606 0.0620387277438471 0.299865291288005 0.610182951859589 0.888033264990172
1.123673 0.680946135458778 1.08308236204528 0.083851 4
1.097685 0.474118 1.11503519261739 0.06178 4.96
1.24066932499934 0 -0.004195 0.145150831692029 -2.50281834866832
1.19548291784046 -0.0532587915034869 0.38158594880577 0.392783943340103 -0.759425456221783
0.839591986495564 0.688171517690227 1.22364198296037 0.966450432247011 -0.02983608452994
1.5194534 2.793423 2.404552 2.76396 -4.788229
0 0 0 0 0
0 0 0 0.72211 4
0 0 0 0.72211 4
0 0 0 0.72211 4
0 0 0 0 0
0 0 0 1.20045185531175 4
0.246278319576018 2.937067 0 1.33759644386839 4
0.246278319576018 2.937067 0 1.36077746476824 4
0 0 0 0 0
0 0 0 1.25666614468825 4
0.432193388977186 1.39817516427841 -0.005813 0.979031153066967 1.01157070885182
0.432193388977186 2.937067 -0.005813 0.960078047862532 0.773026137737505
0 0 0 0 0
0 0 0 1.735008 0
0.445936614793988 1.27052466666667 -0.005813 0.971337211143438 -0.750914737175051
0.061015 1.27052466666667 -0.005813 -0.033945 -0.750914737175051
0 0 0 0 0
0 0 0 0.72211 4
0 0 0 0.72211 4
0 0 0 0.72211 4
0 0 0 0 0
0 0 0 1.20045185531175 4
0.275957680423982 2.3578765 0 1.36077746476824 4
0.275957680423982 2.3578765 0 1.38587345397361 4
0 0 0 0 0
0 0 0 1.25666614468825 4
0.481499867411883 1.47139442472862 -0.005813 0.898341237922795 1.14018167211254
0.481499867411883 1.47139442472862 -0.005813 0.878175828215851 0.928777996220204
0 0 0 0 0
0 0 0 1.735008 0
0.65650271760746 1.3831544 -0.005813 0.86920236262674 -0.369085262824949
0.65650271760746 1.3831544 -0.005813 0.844681586078141 -0.36908526282495
0 0 0 0 0
0 0 0 0 0
1.747008 0 0 0 0
1.747008 0 0 0 0
0 0 0 0 0
0 0 0 0 0
1.1377575 1.778686 0 1.9229685 0
1.1377575 1.778686 0 1.9229685 0
0 0 0 0 0
0 0 0 0 0
0.896090958504052 1.21062739189947 0 1.08774635573517 2.88
0.896090958504052 1.778686 0 1.08774635573517 2.88
0 0 0 0 0
0 0 0 0 0
1.135579797533 1.16179540964353 0 1.01194461666956 2.88
1.135579797533 1.16179540964353 0 1.01194461666956 2.88
0 0 0 0 0
0 0 0 0 0
1.747008 0 0 0 0
1.747008 0 0 0 0
0 0 0 0 0
0 0 0 0 0
1.747008 1.778686 0 2.145667 0
1.747008 1.778686 0 2.145667 0
0 0 0 0 0
0 0 0 0 0
0.417823373572865 0.885437320908083 0 0.836491855783977 -4
0.417823373572865 0.885437320908083 0 0.836491855783977 -4
0 0 0 0 0
0 0 0 0 0
0.812665723253179 0.831452404307031 0 0.731989927558483 -4
0.812665723253179 0.831452404307031 0 0.731989927558483 -4
0 0 0 0 0
0 0 0 0 0
1.747008 0 0 0 0
1.747008 0 0 0 0
0 0 0 0 0
0 0 0 0 0
1.747008 0 0 2.145667 0
1.747008 0 0 2.145667 0
0 0 0 0 0
0 0 0 0 0
0.417955626427135 0.1345064078357 0 1.57865651473186 -0.221993880436105
0.417955626427135 0.1345064078357 0.029331 1.19363789350268 -0.221993880436105
0 0 0.029331 -0.006665 0
0 0 0.029331 -0.006665 0
0.417955626427135 0.1345064078357 0 1.53504036185373 -0.221993880436105
0.417955626427135 0.1345064078357 0.029331 1.13920750805716 -0.221993880436105
0 0 0.029331 -0.006665 0
0 0 0.029331 -0.006665 0
0 0 0 0 0
0 0 0 0 0
0 0 0.029331 -0.006665 0
0 0 0.029331 -0.006665 0
0 0 0 0 0
0 0 0 0 0
0 0 0 0 0
0 0 0 0 0
0.419081 -0.0083735 0 2.393361 0.221993880436105
0.44379492148128 0.205709138462708 0.029331 0.982383801469449 -2.55055387817053
0.4714132 0.684192 0.029331 0.36105860624499 -9.111422
0.4714132 0.684192 0.029331 0.38802765348518 -9.111422
0.247757395242311 -0.0083735 0 1.35087791243159 1.34427349735055
0.319498994836744 0.205709138462708 0.029331 0.904278107860657 -1.0503244033371
0.760365120672404 0.689415116662888 0.029331 -0.006665 -2.21392781361393
0.855605261800739 0.690065 0.029331 0.375652000710232 -1.355711
0.707372210443236 0.695938 0 0.400041097250436 4.76984292544153
0.470651988185696 0 0 0.236640076328517 4
0.7963178 0.690065 0.029331 0.354526356463831 -1.355711
1.06147098614515 0.781516619138857 0.029331 0.425112727862909 1.18232977786717
0.980651235520439 0.582047052307896 0 0.551064818297341 3.20689573871536
0.873571982177057 0.467438808216245 0 0.551012927594237 2.22026011396082
1.1212224 0.695938 0 0.333991 6.4
1.26580827137806 0.840827 0 0.4988715 5.68
1.37496873746427 0.549186903880176 0 0.868364701925294 3.15156998644855
1.03632356921481 0.351132834521383 0.0558746755263018 0.787040741009749 -0.81941876356622
0.4115426 0.05944 0.0558746755263018 0.504834755072694 -7.66403233281089
0.797115303316013 0.345766145360523 0.0558746755263018 0.544931069463688 -4.57620660027095
0.953406857142955 0.515814021848801 0 0.946636423380348 0.933418129627042
0.738449885889161 0.342690789605816 0.0558746755263018 0.808233818443758 -0.989254677041748
1.1347802183296 0.236026788678374 0.0459691404977531 0.611008052981198 -3.42078983798178
1.18150533188449 0.2579985 0.0443556681214289 0.633571940816098 -2.85239848
1.06382110921104 0.315150629948419 -0.213489653799866 0.522563813014839 0.680021137304789
0.422632805315798 -0.000898 -0.477245 0.211914300919026 0.305632921476491
1.22476865 0.2579985 0.0443556681214289 0.628465010400578 -2.80476536864655
1.31159757273801 0.31239092183339 0.042627907174717 0.695656914981626 -0.441629092515047
1.23007303895005 0.291240608028959 -0.213489653799866 0.670073353421793 1.11402693325345
0.744276574579524 0.18268819137573 -0.477245 0.563122106044292 0.688107152100024
2.0379947 0.456557 0.022529 0.869225 4
1.69944842729683 0.4209286 0.022529 0.85579635 4.24
1.42238415065096 0.368199701850744 0.578321268239208 1.04731067392535 1.82721930586098
0.903640343166427 0.286964636621823 0.689505442484614 0.850653425981598 -1.23127381490645
0.664547366149426 0.129561465634808 0.553103459301901 0.412932150959109 -4.21089254061099
0.747110220087418 0.167897554423414 0.37265848234548 0.480476256212577 -2.15040028591418
0.633498928472971 0.363809223174642 0.685580766588415 0.83736417447527 -0.52295687385568
0.544756450360788 0.344624631475425 0.664401533808777 0.772193347052376 -1.91479902481246
0.351672 -0.565312 0.079627 0.829536 -9.1505704
0.73913007832137 0.374942860909505 0.163869929685554 0.597219708475 -1.84519495487583
0.517164183980661 0.452645044496943 -0.038496171197306 0.643835367201122 -0.643539008825697
0.223535145632109 0.306223394026045 -0.0669116485346715 0.548720548965918 -4
0.937863882006112 0.62938802767719 0.297347550450429 0.641847629263846 -1.8135995314371
2.954767 0.217176 0.022529 1.404459 1.6
0.775969518263679 0.459511974432722 0.495626385387043 0.771317155543163 0.501730922791856
0.607607294748188 0.358009916333587 0.617962484893684 0.733760228407749 -4
1.52999540038343 1.26688318476293 0.0415916415989575 1.0692740960628 3.38005934815216
1.32173645691164 0.589613489766035 0.47123347798826 1.03833037194007 3.18901010585944
1.24178046964369 -0.2151156 1.08973499647032 1.0209834 4
1.11700141973298 0.752247765164322 1.21024604731177 1.19228525207686 0.86487847528263
0.711353564610971 -0.00229803210158025 0.6120155 0.332684074374277 -3.12193249313217
1.09267615928969 0.206386356943216 0.776646110054404 0.630983884523452 -0.545015412912861
1.14467413600461 0.860402003906574 1.4850936315614 1.21127196010644 0.516086762623258
0.368221 0.500669 0.388967 2.898842 0.36576
0.894606480086783 0.597950574533581 0.359418712447899 0.612402694815119 -1.96100053258228
1.060693 0.339330601459362 0.172137815589829 -0.288393 -1.43568195920563
0.118024 -0.076019 -0.0287843006338134 0.693456001864817 -1.5408
-0.077197 1.505421 -0.0511632262806005 1.1865522 2.424279
0.928500375196415 0.686289650976186 0.3279895 0.658252607213317 -1.74822534242245
0.949993522624011 0.372794114479366 0.414275217898133 0.766524733766931 -0.215739377157689
-0.014157 0.000594 0.525921414032792 -0.256558 0.199499297614723
0.272163 0.485572795949154 0.648560339914397 0.021908 -4
1.5571055 1.682965 0.0439635 1.286565 2.0915719
1.29081846263678 0.563119849868554 0.49013577438822 1.11155625734453 2.66032831710988
2.818342 -0.113486 1.139785 1.29437644222721 1.75085931522841
0.009095 -0.015688 1.22763329740667 -0.0724152 1.15864752019588
0.78644869982226 0.294832158781817 1.144404 0.22895019917495 -1.3455973331619
1.1836422217139 0.241641440692043 1.00119624408806 0.655988910563639 0.369355065557899
1.04770779978382 0.998352719576054 1.41365425378049 1.24071286870003 0.697510873866183
3.0889564 1.842721 2.097084 1.95071 2.068058
0 0 0 0 0
0 0 0 0.72211 4
0 0 0 0.72211 4
0 0 0 0.72211 4
0 0 0 0 0
0 0 0 0.72211 4
0.246278319576018 2.937067 0 0.72211 4
0.246278319576018 2.937067 0 1.18404680823908 4
0 0 0 0 0
0 0 0 0.72211 4
0.450194966641929 1.5068845 0.004901 0.748515394919108 1.01157070885182
-0.006271 1.5068845 0.004901 0.749770582080805 0.773026137737505
0 0 0 0 0
0 0 0 0 0
0.469378059305967 1.34862606720945 0.004901 0.703913164864282 -0.750914737175051
0.034677 0.076702 0.004901 -0.060463 -4
0 0 0 0 0
0 0 0 0.72211 4
0 0 0 0.72211 4
0 0 0 0.72211 4
0 0 0 0 0
0 0 0 0.72211 4
0.275957680423982 2.3578765 0 1.18404680823908 4
0.275957680423982 2.3578765 0 1.23833319176092 4
0 0 0 0 0
0 0 0 0.72211 4
0.509131563922005 1.52949175 0.004901 0.819702249787724 1.14018167211254
0.528507 1.52949175 0.004901 1.70027 0.928777996220204
0 0 0 0 0
0 0 0 0 0
0.718997281782284 1.43782591554699 0.004901 0.792270231497258 -0.36908526282495
1.786266 1.43782591554699 0.004901 1.404397 2.88
0 0 0 0 0
0 0 0 0 0
1.747008 0 0 0 0
1.747008 0 0 0 0
0 0 0 0 0
0 0 0 0 0
1.1377575 1.778686 0 1.9229685 0
1.1377575 1.778686 0 1.9229685 0
0 0 0 0 0
0 0 0 0 0
0.896090958504052 1.16179540964353 0 1.37722772389137 2.88
0.896090958504052 1.16179540964353 0 1.37722772389137 2.88
0 0 0 0 0
0 0 0 0 0
1.135579797533 1.11619358341806 0 1.31309277610863 2.88
1.135579797533 1.325512 0 1.31309277610863 2.88
0 0 0 0 0
0 0 0 0 0
1.747008 0 0 0 0
1.747008 0 0 0 0
0 0 0 0 0
0 0 0 0 0
1.747008 1.778686 0 2.145667 0
1.747008 1.778686 0 2.145667 0
0 0 0 0 0
0 0 0 0 0
0.417823373572865 0.831452404307031 0 1.19391169835946 -4
0.417823373572865 0.831452404307031 0 2.145667 -4
0 0 0 0 0
0 0 0 0 0
0.812665723253179 0.783280920973187 0 1.08206230164054 -4
0.416698 0.289452 0 0.130307 -4
0 0 0 0 0
0 0 0 0 0
1.747008 0 0 0 0
1.747008 0 0 0 0
0 0 0 0 0
0 0 0 0 0
1.747008 0 0 2.145667 0
1.747008 0 0 2.145667 0
0 0 0 0 0
0 0 0 0 0
0.417955626427135 0.1345064078357 0 1.19391169835946 -0.221993880436105
0.417955626427135 0.1345064078357 0.029331 0.864486688329285 -0.221993880436105
0 0 0.029331 -0.006665 0
0 0 0.029331 -0.006665 0
0.417955626427135 0.1345064078357 0 1.08206230164054 -0.221993880436105
0.419081 -0.004145 0.029331 0.758649257738299 -4
0 0 0.029331 -0.006665 0
0 0 0.029331 -0.006665 0
0 0 0 0 0
0 0 0 0 0
0 0 0.029331 -0.006665 0
0 0 0.029331 -0.006665 0
0 0 0 0 0
0 0 0 0 0
0 0 0 0 0
0 0 0 0 0
0.419081 -0.004145 0 0 0.221993880436105
0.419081 -0.004145 0.029331 -0.006665 0.221993880436105
0 0 0.029331 -0.006665 0
0 0 0.029331 -0.006665 0
0.419081 -0.004145 0 0 0.221993880436105
0.419081 -0.004145 0.029331 -0.006665 4
0 0 0.029331 -0.006665 0
0.988115 0 0.029331 -0.006665 0
0.988115 0 0 0 0
0.988115 0 0 0 0
0 0 0.029331 -0.006665 0
0.988115 0 0.029331 -0.006665 0
0.988115 0 0 0 0
0.988115 0 0 0 0
0 0 0 0 0
0.988115 0 0 0 0
0.988115 0 0 -0.019763 4
0.6875543064058 -0.565312 0.0530833244736982 0.245683942832093 -1.84768971417713
0.351672 -0.565312 0.0530833244736982 0.4114355 -9.1505704
0.351672 -0.565312 0.0530833244736982 0.4114355 -9.1505704
0 0 0 -0.019763 0.442624442098952
0.351672 -0.565312 0.0530833244736982 0.245683942832093 -2.51017368083952
1.5091953159868 -0.217361539306141 0.0446995546904205 0.695343251436195 -4.37009335319319
1.41480332833694 -0.174068 0.0432824784163142 0.742443333333333 -3.7752852
1.80905413832048 0.217176 0.022529 1.404459 -2.20369984063642
0.988115 0 0 0 -4
1.6532195 -0.174068 0.0432824784163142 0.742443333333333 -3.7752852
1.48739540911609 -0.156734775472077 0.0417483384389675 0.84677321896709 -0.970316668059106
0.988115 0.0010302 0.022529 1.2127212 -0.508199981116658
0.988115 -0.2151156 0 1.0209834 -1.62355151072335
2.954767 0.217176 0.022529 1.404459 1.6
1.91686791138157 0.0010302 0.022529 1.2127212 2.8
1.3847321139116 0.138263780295023 0.205748 1.2347815010412 0.696931231800318
0.413876493626192 0.05123115 0.537666 0.98305653841074 -2.06987828
0.437024909916379 -0.00229803210158025 0.6120155 0.445850588030777 -4.24550976843783
0.49665559405942 -0.0506933285023265 0.396965333333333 0.508880248977754 -1.55978190968251
0.412221509224349 0.278348265486687 0.0708245244980475 0.775736036931982 -0.92644168294601
0.197923265407337 0.236369686973954 0.296681097221895 -0.019763 -2.04386651694766
0.775662515547544 0.597950574533581 0.359418712447899 0.743553275859598 -1.98839953154529
0.653145212861259 0.378646481798321 0.242576388601593 0.758393256910538 -0.636229989743083
0.564166878610656 0.604892039173771 0.0784535458379632 0.809602708931798 -0.863379566392883
0.28762478392717 0.417717775838884 0.0975473782628124 0.812557977004037 -1.57757395005976
0.830340861996641 0.686289650976186 0.3279895 0.791622038552367 -1.65621877918342
0.955768640516981 0.416089824542975 0.488021962530413 1.04428292096976 0.727291706553596
0.820189080784005 0.583935557193463 0.716205751746442 1.07996824475496 0.482949539877586
0.65972933325977 0.454835976370974 0.941998774755143 1.12965660761923 0.121763466478797
1.5571055 1.682965 0.0439635 1.4305345 2.0915719
1.39860549304309 0.623684368431065 0.606034451496308 1.57615390261266 3.79807259523214
1.32139125144449 1.02614999908963 1.15102784314185 1.67190868664227 2.67185689334135
1.11699839677218 0.853417152901292 1.30183755555821 1.56649904784274 1.44774022146902
0.441889359134021 0.039321122944669 0.670927540698099 0.423983516317547 -3.88291755833999
0.999860643293636 0.16747952990116 0.791442638490546 0.887469804082692 -0.193888886137857
1.22637164323905 0.938412951162908 1.25400929424681 1.48143453655063 1.42078537604776
1.09248568911433 0.913432983670459 1.16285192594391 1.54567783258274 0.623354985356475
-0.119986 0.4846832 1.144404 0.4352348 -1.564581
0.596796 0.08267 0.256461499750086 0.6859682 -1.76
0.921149 0.613225429055273 -0.033135 0.402994 1.267456
-0.145218 0.001504 -0.1311412 0.491765 -8.0736892
0.768431351129519 0.762546378276611 0.358631449549571 0.76714232218099 -1.46839797001138
0.159444 3.148754 0.065398 1.45661 2.5831438
-0.05364 -0.43757 0.168886 2.1033996 4
0.5884326 1.3363082 0.419957 1.61511 1.108352
1.40244571457983 1.84516350958995 0.0463353584010425 1.43341991340999 2.14596733449726
1.40922256221744 0.663759909116332 0.631363487198451 1.49847772832861 3.90213176785389
2.6092706 1.452156 1.643733 3.418284 6.828454
0.888393 1.290134 3.457917 2.323776 4.96
0.468688972486593 0.294832158781817 1.144404 0.303511692921352 -1.65686777223488
1.17374402720473 0.303064177952821 0.992820410342234 0.986974377492399 1.2560852450751
1.16917164065725 0.946165087290047 1.22078180669773 1.57664314412047 1.68214873715901
3.6528524 4.8969658 1.9285394 4.9972628 9.993548
