4482
665
3181
6468
5844
3827
7168
2483
1845
7970
8261
4185
8359
2112
6214
700
6522
9013
3043
5030
2315
3527
4143
9638
2844
3672
7220
8341
4722
62
5909
1561
7938
4425
7767
4642
1422
564
3144
8464
481
5765
1084
9228
8055
8540
5834
9658
520
701
6799
7356
8911
1095
1325
1242
20
2167
2703
3356
1049
3626
1109
8530
1170
3643
7354
7004
3538
3443
4383
6737
9619
6430
9357
487
2029
5638
6213
3618
2817
648
56
8463
7000
6187
7280
89
9410
3259
9439
1844
9929
541
1645
1355
4252
9219
3405
3209
5460
765
8747
1556
5001
1156
4255
7998
9163
665
5951
9557
505
8956
5244
1070
9881
6285
8332
2110
8234
3026
4327
2566
2868
8656
3127
3360
7833
4107
1889
540
4915
6735
7293
6403
575
8062
2134
367
5490
1118
7947
3461
9956
6238
8085
2539
8562
3285
7127
6105
6957
723
5700
1139
8197
881
4262
5934
4616
9100
3449
5015
7324
6885
2019
9127
459
5136
9936
2485
3082
9346
3795
5360
2073
271
3569
8254
4090
8850
3997
2732
644
5730
5161
8153
4658
2857
5488
5543
9634
6616
6419
3297
8468
9621
2095
1040
935
7434
4707
301
9588
9532
7916
4564
8827
3171
7261
8327
1795
8407
9297
9946
2852
1252
6024
6865
8156
5512
9840
3432
4306
7497
7690
436
1557
8903
3563
4947
7492
3537
2207
7677
3442
2067
6406
90
6096
4072
6984
2623
2436
8765
1721
9886
7069
9784
3347
5454
6674
7499
1044
3031
9288
5818
6437
8431
3718
3063
7514
7134
1903
6265
9627
302
9741
304
5616
1289
7773
2303
9829
9098
5281
4375
7595
2201
679
5324
579
8855
8349
2517
3828
50
1115
6701
5688
600
6900
4751
1749
8292
4343
2649
7405
1690
1774
4699
5464
3662
6182
6088
9537
471
8083
7216
6147
8823
6481
7351
7797
5155
7718
6514
1473
271
7620
2132
6749
6788
8180
7019
905
8387
5541
8161
5143
6231
3223
9326
2457
4877
3774
1747
9219
4201
8977
5322
5749
5193
6734
1562
6557
1569
5126
9775
5580
34
7162
9797
1477
4383
4504
527
68
482
3981
201
6630
4332
6032
5780
7460
5978
1107
8399
4435
797
5297
4930
6144
2920
4749
2359
6332
4978
4291
8890
3068
4422
6620
9915
7413
154
6822
6899
6856
8495
3131
5846
8959
4611
8931
9467
3177
2790
6131
3183
1621
5441
4298
1276
1639
8895
9019
2102
7564
2040
3048
3606
5400
8138
3196
5084
755
7916
8647
3194
6984
3910
3721
8851
756
8172
1626
3270
6361
2523
9744
1981
6869
7934
792
3006
283
5842
4882
2114
6312
3874
2241
3563
5029
4080
4997
8137
2193
7006
4029
2522
8296
6432
6049
908
4497
9944
9662
3600
9760
562
2649
650
57
5959
6709
5239
4021
9327
8735
447
5503
309
7789
9911
4082
4604
5405
2999
586
6586
9940
5787
8287
3580
7340
2170
7940
2097
4938
3829
8773
2463
8495
1760
9333
6672
7558
6246
4818
6197
9773
1408
7779
8709
915
6809
254
496
6242
3559
9502
765
8070
9567
91
4237
9131
6025
9652
4522
6892
111
7850
6137
8312
1845
949
1603
812
2770
1763
9475
4279
1835
4957
2365
1533
7813
4949
2624
4720
5543
1596
9539
1045
5120
1950
1135
9701
3132
3635
7384
9354
4578
1607
9235
1225
4156
9447
9887
1205
8980
4158
4697
7445
9138
9080
3455
9808
2138
8629
1297
9181
6401
5852
550
8054
3532
5156
7293
6543
9710
8059
746
8050
924
5671
6721
6471
1926
3196
4810
7937
4057
5567
2693
7737
6096
76
5584
874
5807
8400
8315
8624
8200
2668
6676
4887
1988
5477
1394
3869
5095
3094
6260
3788
7370
2251
3648
1692
7137
281
8671
8800
3405
3854
3815
8794
7410
5014
881
7716
2684
2821
6710
1028
8521
1799
4426
3398
6186
3051
7112
154
3541
2845
5935
6291
2012
5437
8125
2525
9806
9744
980
6221
8507
2198
8611
3874
3015
3963
6674
7220
392
8942
3191
5455
4368
8144
8165
5367
3875
5762
1382
729
5292
6385
2967
3706
5554
1228
9479
8479
2764
3176
4954
204
405
6073
9942
7831
3152
7457
6738
4384
6103
6567
8276
2949
4084
392
5158
5789
4528
1090
6617
398
1901
2894
9645
2772
6419
7275
6612
100
6955
1661
7354
3206
1819
1218
1547
1635
193
555
2106
9692
7223
4740
9129
1219
2275
7517
6432
572
155
1439
1867
1108
815
5897
7327
4652
3247
7367
1562
2425
2239
3068
6631
1910
2890
7575
8049
4431
2229
8504
6454
4657
1957
5466
78
8115
2740
8121
8463
3645
2237
7941
7928
9648
4213
1605
3482
1430
9776
5633
3241
9729
8699
4704
4393
922
5567
4208
1413
8135
3409
9009
1058
522
4749
9651
5845
8891
4410
7633
673
8491
9803
7737
1392
394
7102
6354
807
8274
7100
5469
6391
6557
3460
6306
5195
3380
1619
195
8841
9573
6048
6098
4318
5130
1616
272
2457
2257
5296
8361
3762
9080
3631
9731
2643
8085
9675
8152
3415
6256
8318
8203
714
42
8016
8396
9650
3474
9280
6501
7121
5154
9479
589
855
2955
355
7770
861
222
9442
7386
3848
5228
1593
3831
2803
5652
8923
7321
5084
848
562
6471
5214
8522
1062
978
5857
5884
3534
3821
8416
3086
675
2168
5175
3300
642
2679
8232
6725
1890
7321
7433
7365
121
8651
4619
2066
4501
1243
4592
1069
9404
7334
2722
1437
1837
7596
4152
7132
5022
1408
2496
8129
1621
8050
4908
1653
9006
468
1977
51
6646
4912
2188
5715
6812
2702
2293
5247
3866
8213
3107
4306
653
112
9625
5519
8971
9733
178
3841
2591
1870
425
3891
8445
3263
8611
9215
3690
3619
1427
4043
2663
2494
8560
8893
9165
4055
5261
4993
1652
5381
8655
1794
4531
3948
5788
2270
9844
6573
1274
2919
4471
6948
4681
7654
7313
7519
3150
5588
4391
5933
2241
3103
2824
7294
7195
6919
4454
3481
923
960
8324
5810
2662
9759
7230
100
9665
1730
5450
5103
1190
8649
3086
9268
730
2749
2071
3689
5644
9625
1891
4050
8484
5969
937
3598
7187
3640
5724
6068
1301
681
3074
9624
3554
1233
4855
3957
3616
7532
5770
5576
8116
1696
8499
5075
5045
3467
8657
2885
4983
3448
2562
1214
7421
3304
1734
2753
142
3566
8934
6312
8664
2611
5982
4263
2440
3522
4751
1780
4413
8250
651
7323
1032
5030
5488
2931
4561
7503
1258
1139
7915
4630
2756
8246
1989
4048
8885
6031
5069
8129
6218
1689
5081
9230
4436
8841
5858
6346
9206
7177
3938
33
1196
9909
9383
1756
9255
3408
2592
949
5237
2682
4707
1536
8080
6758
5976
5582
6009
5346
9081
6343
291
9699
928
5172
8803
7602
595
5642
6547
2295
5085
5524
6660
4656
1068
9866
4770
4739
6175
820
1811
4830
9373
6836
2556
9588
6890
2668
5706
6812
8927
4892
4980
3391
7338
5395
2365
7477
5575
8024
4608
8746
7852
4080
1853
1500
3756
8903
4743
9459
9871
118
9485
9470
9470
4171
2656
3456
1524
179
1584
2165
8338
2618
6891
361
7597
8393
510
4750
5817
921
1588
3256
628
8271
50
6214
4518
3535
1235
7017
1012
439
7250
6142
471
2998
1226
8858
9218
4622
8301
3030
6195
4434
3209
229
2487
9448
4182
5812
3464
3362
9292
3041
1678
1666
6416
2975
2777
9049
5898
7362
1382
7119
4537
1728
9701
6586
6293
2177
7815
9450
4617
3036
518
9648
632
5589
4565
8916
2582
7031
887
2442
3750
5909
5818
2921
6926
7282
1586
3751
3850
513
357
1913
2921
1744
4849
8178
9750
5027
7311
9158
4443
2793
3275
9696
430
1440
6403
556
139
8715
849
438
8222
90
1294
1142
7807
4231
2219
3294
6176
7099
4482
8222
4598
8229
2049
329
929
5817
6202
7176
914
2711
1009
297
4652
8093
7760
4898
2729
8179
8749
7597
3584
8795
1850
7547
475
7137
7085
1902
6074
4878
8496
3852
2605
9237
8528
2390
55
8547
5528
2541
8454
8675
6289
3016
8446
2549
6706
2645
8155
6912
1932
5586
1102
4492
8990
8408
6991
1509
5965
5521
3624
6232
2800
6316
7804
4932
4829
1168
6582
3832
5608
369
7857
5569
4980
1245
3531
3362
9688
3125
5886
6848
1070
6607
2581
7922
9441
4292
1016
9374
564
1884
4191
1642
2374
5672
7629
5284
1598
9750
7409
7143
476
1107
9376
3659
4331
5594
7791
3971
5543
2769
1053
739
8613
3173
2902
6830
2808
586
9278
8961
2387
2479
5466
4131
2138
9902
1580
4365
5952
9485
9988
9287
5004
3579
8818
2814
6887
3701
6000
9514
8457
8638
7699
1624
9308
3552
9942
9430
4422
4307
8548
4724
8936
1445
8135
9694
3755
7832
8482
6248
2406
132
5304
4103
9729
6819
1647
9591
5217
9453
6690
2115
4869
1983
6295
6407
7796
7873
6873
7591
8390
2209
3119
2729
3222
6372
5181
8698
8884
4587
502
7507
3374
3179
5747
8391
8371
5697
94
2168
2470
6619
140
9650
9318
6847
506
8530
8271
9895
1846
4755
5832
5176
7799
6382
1604
6018
4824
3261
3876
4585
8921
1322
4247
3313
2858
9067
3047
5326
8276
8123
3739
1904
2510
2987
4237
8707
8220
4756
1213
9444
62
3577
3323
3899
1406
7514
4946
9946
2084
5603
917
7077
6662
8177
8028
3067
9966
2540
2178
9267
323
73
3260
2408
1094
6707
8693
8151
1829
1041
2189
507
3215
8295
6519
852
5775
7821
8090
5063
3988
2384
612
9217
2584
8170
4554
5624
4702
1322
6097
6518
6512
4159
2416
2507
5718
8296
1073
4599
2778
2522
7730
1
1332
6824
3987
3547
5270
5648
2655
4082
3404
6
1018
1676
2524
9915
9268
786
6398
2859
5347
2290
2411
6385
3577
5144
1266
815
711
5059
5358
2591
3272
2192
1983
7578
6229
4088
1807
3125
8157
899
6504
5901
8126
1794
2104
1055
6585
9105
3372
5591
6677
7582
6024
1808
4746
2535
6334
4052
3464
2924
4769
6089
8168
3793
1882
6018
4896
0
381
8666
6440
7877
8868
789
2778
9274
6290
5369
2806
9188
5088
7241
1729
2530
7955
1575
35
1288
3029
9145
6237
1807
4436
1583
2776
4714
5865
5927
7207
1367
104
9802
4442
49
5216
6920
9036
9406
715
1481
3616
3149
4206
325
3431
8561
9570
2824
958
6937
2887
1678
5442
9419
7579
7756
2612
9481
8258
411
549
9238
5747
1381
265
1235
7776
7283
9001
8844
9757
8179
1151
5245
3513
9892
5070
4322
4169
6421
3543
2892
3932
8265
4412
6479
8048
8898
4571
4321
1620
7626
2290
337
4796
4109
7580
7072
8277
802
9065
8909
6371
1322
5628
8657
2734
8491
7075
408
6171
7560
6265
8800
3869
1603
4762
5668
5412
4492
229
4907
7876
6235
9771
3055
5010
8452
3342
9956
8586
8498
2621
1438
8684
7362
6553
5449
229
3364
6485
7877
3302
4208
3804
3319
4402
8997
6681
5624
9306
7907
1201
9770
6826
5586
5505
9737
7489
8878
3830
904
4969
5637
4206
2172
8348
8459
8496
4685
4571
866
4116
5547
6790
8410
1615
6312
1692
9375
3191
4968
8034
9195
1582
4374
7040
5622
2563
247
249
3462
4009
3322
990
4849
102
6678
5647
4198
6437
3710
1007
3107
4426
1092
4570
5429
6324
5449
7948
3765
3328
1377
6435
6980
2449
855
4139
1512
5162
1835
7308
3833
5205
3695
4040
5224
373
3818
6363
4914
5680
7598
7806
1828
3070
922
2499
5759
6942
2226
9142
4260
9289
695
8002
4458
3443
8422
1454
8015
9444
286
8276
483
6108
4186
499
2388
7352
1751
5404
1611
1344
1760
7481
4500
7156
3853
8573
4974
1904
2397
3870
6451
2508
1078
6260
4494
6406
9429
8068
8565
9451
7356
3453
8416
2094
2149
4531
4550
5568
1473
2182
7486
2414
2718
7903
7646
3188
3562
5158
6431
6920
5821
8334
345
3690
7182
404
8821
6109
6100
9246
4088
3298
9506
9436
8155
7862
1559
5516
9530
8128
2904
2756
6057
5373
2048
8289
2398
7716
4842
4223
1834
8652
724
2462
4749
1781
9391
192
6343
3029
2932
4239
6535
4538
2913
238
7105
8396
1356
9106
7764
4532
8504
3730
886
2395
8475
5084
7271
5671
8632
586
4634
9212
7368
2166
143
6889
3079
5096
5537
3215
9745
6481
2160
3723
9783
8905
6255
3249
5699
6922
6281
4945
9438
2908
1910
9117
3146
2713
3171
1399
847
8164
1296
6478
6149
2718
5018
2147
2920
2714
5953
210
414
1161
9501
5160
941
4650
7243
9140
1137
9882
8661
5905
9268
1708
3370
6973
3057
4228
5626
7394
9991
4235
5407
5227
5090
8276
697
9524
7226
1436
3827
4051
2252
5181
7112
3869
9719
489
4768
5882
5697
155
5969
2485
200
4331
8343
5105
7647
6827
9245
5719
8564
6701
9641
4099
1764
2533
9633
4577
7334
2369
6783
2339
1063
4497
6000
7722
2128
6390
9353
616
4878
6761
3660
1888
6854
8696
4874
6840
3560
7263
9401
7128
3251
9367
572
3367
4624
5499
2181
5156
7025
5522
2644
8373
6857
3842
1803
9793
8321
2924
5463
5384
9568
9788
9471
3503
2582
4121
8713
5741
2565
2134
6143
2882
8908
219
1340
8540
8745
1416
6845
9045
6983
5244
7342
1367
5229
3831
1690
5891
345
427
9966
3001
868
8258
7278
394
3326
771
7650
6221
7642
8054
5338
4257
1331
7722
7173
4780
988
2814
9008
5556
9301
9926
6929
3720
9406
451
985
2298
1182
8672
5961
6268
6835
6611
1940
7239
4009
5862
2451
3740
2235
6711
2028
4755
3817
110
8751
7137
9567
5687
3128
6064
7015
956
8695
374
7950
1933
4521
8692
80
2044
6940
5486
6138
4833
113
9713
2471
1617
9401
9560
7666
9801
1029
1
2514
2698
8432
1614
3041
810
3427
8489
3681
5934
6375
5227
3134
8005
7720
1279
9168
5225
6313
9309
3622
7210
2039
321
5938
9988
9441
5075
3715
8853
9741
341
5558
8193
4320
2038
3713
6187
8035
720
7998
1143
4474
9630
4975
6530
2397
1105
6368
4388
7282
3902
2798
4719
9320
5668
5039
9133
8913
713
7360
4930
8199
1135
1003
5019
7191
7767
446
5631
1633
7991
8457
8280
6680
7941
5938
2526
2295
2575
9591
8897
8065
5427
235
6048
3662
181
350
6645
6906
4407
4686
3214
1342
5745
8536
8644
5271
7204
5891
8480
1552
9199
3040
444
3388
5161
1294
4571
3343
7160
7223
8518
7472
849
6875
2252
1593
1272
6490
4548
4194
4635
958
7482
8506
6214
9982
916
1860
2140
3134
5440
2367
7162
8955
2382
3316
1633
154
3582
3640
7306
9900
1129
5836
2058
1256
42
167
952
8744
1047
8794
3032
3852
9449
5154
6648
3599
2413
812
7913
6747
5563
3951
7829
7406
9991
4233
9814
2158
8994
8171
5531
8571
5954
6287
8320
9653
8704
8637
8885
7235
4032
3105
1572
4857
8011
1823
4288
7166
2793
4866
4389
3266
9365
8019
3437
8408
4080
7780
8116
4832
7302
3242
3725
3854
7285
1388
2035
8129
5651
1105
1887
3631
1346
7665
9318
3838
3357
5302
3276
4847
4154
1826
2762
6072
3065
8142
4606
637
3390
3399
6820
6609
7999
5647
7636
1678
3728
117
2831
1506
5610
5153
4877
5386
2805
6497
3748
1764
973
7037
6125
2862
2406
3597
3176
9696
8964
8236
6383
1321
1870
6359
1057
511
1893
1561
1561
212
7948
199
4963
4246
8444
1446
8262
2531
8984
9069
1643
6597
524
3756
7872
8934
1643
3070
8166
8524
6955
4531
3231
1170
5212
4884
5859
3502
6808
156
8227
3087
1928
793
3047
8243
600
9315
6782
1993
1751
3843
4555
7349
4620
5333
7935
526
6534
3855
6921
4934
2170
6018
7968
9344
1643
1388
8289
6496
5662
6948
8866
3907
2726
533
1098
2537
5193
3311
4784
4463
1563
8437
3836
1302
2466
4867
4664
6878
7707
7873
5364
1831
3748
8368
9642
3458
1977
2802
1626
35
1938
1868
8491
7045
3753
5909
9907
9937
5727
5744
2958
8792
6525
1378
244
9392
3392
5991
7584
9817
5156
5796
7056
4609
9754
6330
5357
9636
3920
5011
6633
630
7527
7059
1360
9733
6545
5016
7721
5557
8443
194
1501
8941
8199
465
3116
4754
5271
2413
2339
8370
4645
5334
9917
7513
3209
9604
1046
7587
5640
6390
4891
2766
7965
9404
1642
437
8056
1641
9254
2271
8301
995
4744
8450
9172
2728
4112
9436
2812
4674
3322
2155
2123
2382
3773
9432
4276
7197
6186
5740
3587
5439
9204
1572
41
2772
4275
8523
8449
4707
8016
8076
3597
3700
2208
7469
7388
994
531
4276
742
9140
9012
8573
1150
15
3714
4089
3557
5244
7456
1398
9578
7523
6070
1150
6796
5003
1019
216
4398
8070
6960
373
4213
1526
1120
7307
2230
2049
3194
6937
6871
4218
4997
8777
8329
329
4280
9659
1541
3316
6350
948
2134
5711
5231
3574
4905
4603
6705
5835
2899
5666
2451
2162
8496
2765
5359
7534
7366
1402
3900
3118
37
8798
9697
7438
1740
4144
9469
2792
9172
4199
5720
5102
7078
719
1284
3552
9433
2186
680
3336
591
7007
6554
5151
3771
4183
5863
619
5347
9658
7451
5914
7933
7925
7781
1296
7391
3550
3553
2053
4556
2152
284
4174
2389
4952
2370
3750
987
1622
8448
3128
3575
8034
2646
4775
5495
5388
7470
9101
8969
5481
3248
8355
9817
690
6278
1503
8672
2309
7728
5780
799
4640
6057
8404
2319
5651
926
5782
240
5926
8500
9184
2753
2314
9346
2135
28
9177
7208
308
4389
171
1459
4099
9114
5355
8387
4753
3817
9107
7581
9348
9980
2547
3748
8316
5757
2137
1517
1861
4842
2868
9351
1447
9668
7599
7761
7849
6050
2860
9032
3606
998
8830
8750
1290
884
6703
9979
8203
6374
8656
6369
6853
8253
3856
1087
118
3863
2158
726
2117
3714
5309
1763
4512
7853
2724
7059
2814
9609
5561
3
5198
3055
3139
8598
4587
9186
613
3793
3180
3683
5652
9129
2211
7085
5820
9108
1135
1952
2344
4125
2580
3725
1266
1162
7608
4686
9870
3363
885
7793
6492
2917
5451
8075
732
1166
349
9322
860
6335
2678
8364
6584
2603
4662
5626
598
7369
290
638
7752
5311
8824
3750
8702
5261
864
8760
7166
6953
8471
6046
9211
370
3767
6983
6175
7747
9989
9962
3145
2460
7650
7808
4384
5982
3704
9208
9373
3123
8615
1238
5522
2015
276
1112
43
1867
2870
7749
6651
2809
6036
4112
6844
5284
5996
1010
8543
4785
6488
148
1351
2663
7076
6678
947
7475
8424
8988
9943
9431
4812
427
7630
4276
190
5409
1421
1889
4515
1793
2585
9452
6525
5607
3301
2861
9384
366
599
2463
9079
6192
1024
8054
6838
7422
2486
1696
6252
7706
2794
7223
839
9163
7744
9694
6284
4717
1644
2541
4128
7387
5112
1122
5695
6233
5452
8993
59
9656
4577
2861
1089
3444
5081
8033
2363
3788
2748
2870
6132
6596
641
6302
2547
853
7181
745
7043
9186
5895
5739
8897
6771
4269
8269
9366
5621
1287
116
8060
5062
9566
2682
5948
7955
6745
5665
76
2347
9078
8859
1098
8411
6457
295
353
3795
4968
9169
8683
7008
9149
6694
7585
7841
9359
1366
2583
7801
9057
9508
4902
8277
5490
5554
6362
3009
4708
5738
2626
7031
6335
1012
5273
1597
4968
548
4945
2863
6999
2433
7781
7777
4332
7700
9531
9558
8664
3039
5694
5315
2379
5027
8685
2204
8701
8899
1650
5552
5515
530
2911
1668
3663
4832
273
587
2631
3967
3038
5460
9301
7258
4570
8226
187
2115
4941
7864
4512
3524
2339
1956
6334
3306
1733
3405
4163
369
8245
7493
8184
8263
1885
5532
9104
6465
6035
7236
1084
9805
8160
6720
392
5217
1895
5349
3885
3546
1464
7114
8702
4438
4357
9141
9525
5385
5780
6313
9239
8863
8356
6896
6042
9254
5160
6902
7075
8
1052
8383
9080
391
1479
8976
7753
5408
4836
1904
3350
5218
2069
2012
3271
5876
8604
918
7123
8789
9693
4202
4089
5097
1803
4047
796
4761
3394
9624
3689
638
7025
4555
7885
811
7673
482
3390
9194
5994
9302
4319
4542
9194
5047
1621
1818
688
2606
9885
1051
4733
1909
3654
6765
6004
7410
3828
3528
1468
7682
4926
8562
2925
4789
5168
2525
834
8392
3502
2009
1442
2879
7118
7885
200
4452
4991
8874
614
8064
4151
9687
2356
5322
6257
3251
9133
4462
9711
1018
1452
2777
2663
8786
3479
2604
2354
5938
5412
997
7255
7248
2335
4545
8177
528
9104
7655
9288
3328
5345
600
7813
3605
9551
2621
3795
4927
1446
2413
6961
6351
4362
9920
3550
1703
7054
8091
462
6914
7202
4222
9649
7207
7193
7819
1263
6820
9605
5254
7257
1522
3281
2508
7267
969
6720
2274
8538
2009
9759
3809
1009
1927
5705
6019
5737
9509
7974
1145
9416
2229
9366
7380
3494
6115
9841
253
3444
5527
4396
481
1020
8543
5646
8233
335
8506
3096
2800
1525
7992
103
2017
4402
752
9811
6489
8456
3426
8236
825
5834
8980
8494
3182
5482
219
8014
8230
775
5384
5773
9194
9950
248
9789
6182
167
7252
4701
9279
7567
2651
3534
1589
9231
6456
7958
4860
9454
6758
3646
5853
4293
2928
5707
7007
1366
9949
7632
9146
8716
5830
2520
5358
8908
3591
9408
4155
5124
9754
9838
1630
1849
9613
113
8518
6782
1008
5282
394
5272
8761
9370
1235
7068
798
7799
427
5233
9149
7728
5981
2273
7948
8097
7051
1825
286
6675
3417
9626
3706
7130
9635
3130
3500
6044
5368
9418
5123
1479
8716
9387
4335
9896
6027
7355
1514
3412
3997
7889
6381
1050
9246
864
597
5106
7961
5638
8780
1287
6396
985
7043
1091
9737
8553
1642
8982
6290
9686
6369
295
443
3191
4533
8415
7225
961
1385
9258
4289
9337
3298
5325
1318
2920
6738
1053
9405
9580
9551
1421
3021
7219
9467
242
8577
5048
5360
6502
6924
1650
9963
2804
2832
4837
2896
608
4791
1477
8234
1375
200
358
5089
182
8153
5200
4955
395
7851
4815
8725
1612
689
828
5426
2762
8305
2341
5821
2732
4176
9451
7272
9479
9426
922
2604
7857
2815
3927
9477
6427
3507
8196
7987
4745
3385
1844
1176
7881
2939
9431
5014
2539
2862
3560
3539
4677
8639
2562
9458
8153
887
8091
6999
6047
2710
6031
9450
4859
1801
1888
9138
8035
8683
1345
8859
886
9807
8143
5586
8174
1029
3782
4975
7727
1303
7147
7464
5595
683
1462
7970
7557
379
1450
4070
8133
4783
5132
5631
6668
7096
3098
8818
3154
6971
8434
1860
7147
3237
4048
9733
6771
9235
1180
1583
2162
6942
5021
3209
6969
7512
6218
7881
1175
5884
2524
1215
9703
1027
3818
9365
134
8446
8528
7609
3487
9716
6216
7153
8318
3759
2388
8831
7204
4984
8944
1138
7825
4374
2
7892
7911
6499
4854
4678
3966
9860
890
8245
279
1786
1401
5319
4773
5687
9935
5942
6939
5953
1660
6709
5688
9360
6832
4266
9538
6072
4793
3476
1130
4987
2967
4948
3539
8413
2251
6515
8074
8181
2400
4024
5959
7060
1865
868
8038
5562
899
8399
4107
9258
3139
2169
2954
6937
4567
1281
5151
6237
3594
512
7289
3732
7494
775
859
8269
7771
2490
3441
4224
6098
6134
9217
9202
7661
3166
10
4686
6323
452
4811
8848
5727
9781
2798
5691
8704
6873
2809
1229
9466
8100
6578
4516
5481
7828
7195
2937
9471
488
1593
7824
3371
3241
2496
8616
1358
2045
2507
3627
5422
4162
9667
9946
5591
7408
9122
7911
5418
2873
1024
397
8228
6209
7528
9234
8745
9163
6153
510
9924
9599
7582
4120
4315
5148
587
7477
147
3724
7594
7131
3179
7809
1693
8403
8490
8599
9955
2130
800
9230
1704
8779
5203
2428
2024
5430
1593
9420
6123
6425
8645
2105
5101
7282
6337
5552
6800
6447
8195
348
525
5473
5287
4484
2958
4576
7370
8739
6019
3668
2451
2486
98
4703
3372
3782
7317
7593
9376
7254
6321
1351
6110
34
9757
4124
9983
2490
7922
9404
1848
344
2080
1947
1555
4611
1271
1463
4068
8268
9959
7562
795
4445
6015
7891
6883
1875
9956
7087
8012
4211
5377
5824
4385
1290
5506
2592
6984
1485
2965
1180
2688
4592
5333
1486
2807
7421
1906
2097
106
7963
1242
8872
5115
6040
1351
3078
4905
6352
6630
5708
9489
5049
7448
6646
9351
350
9259
142
5541
6381
704
3299
3445
3430
1824
5411
6240
6377
9366
1198
1603
1298
1711
5374
9325
1396
8889
4130
838
1677
6923
7884
8348
4507
883
44
9532
8528
8645
6998
7826
2882
1002
2737
1754
9460
2145
7318
4274
3529
4191
6087
3269
8875
6812
7635
2461
7086
7396
3676
1877
2238
2986
6494
4137
5513
4419
6580
6528
8817
7947
9294
4714
9777
4925
8673
6768
1193
5948
5097
1867
7833
9800
1847
6519
9914
7483
1470
8900
1582
8010
3249
3920
766
1120
7336
4846
3844
5921
2826
2041
296
7190
7096
2744
2868
8644
2262
3620
2502
6358
4083
7311
2398
4371
5751
6677
5832
7700
7784
3309
9905
6910
8929
6835
5079
278
7212
6313
4228
8662
4788
6513
7110
9404
2311
8302
6589
6136
4408
738
2900
3804
6338
1511
5692
2767
5948
4284
871
2698
4792
5317
8466
9281
7498
5075
8145
2475
657
2613
2894
131
8099
4361
7014
1047
1476
4032
8323
5655
6544
5013
3640
4266
1070
725
1685
3495
9398
5510
4816
2850
7629
8916
5105
9566
8100
8645
6463
118
298
2419
1559
8397
9959
809
4498
586
8429
2475
409
5012
9428
9815
4629
6933
1180
7798
3939
5703
4078
6666
2768
8205
335
1583
9323
3005
4413
9419
1770
5241
5842
6345
7874
998
7842
5329
3473
255
1865
1932
4852
633
4938
862
7170
6275
945
6859
8646
1224
433
7817
6997
8706
5230
8140
7712
3467
2326
7813
1058
5670
6698
254
7303
1377
9953
6679
4533
5967
2776
9559
5723
5405
5879
4944
7518
3531
9834
6505
1611
6650
7091
497
5863
5052
4666
4326
9582
2566
8122
4803
9924
3080
3241
9557
1455
7851
2447
4546
1783
390
6768
6680
4256
320
8794
6492
6261
2612
7454
6451
4174
452
5838
4527
4802
5240
166
5107
7772
5073
2173
4305
4231
7991
1691
9482
7856
129
8407
2785
4242
4196
6269
1333
1639
4898
4793
7006
8517
5412
4633
2667
3087
133
848
8930
4390
1762
3941
2710
9676
5611
3139
893
5093
6653
7645
6314
6171
8356
3577
9267
6810
462
7612
3042
4502
1407
3375
2326
9958
1541
5632
5982
9327
4426
7166
1956
472
4471
7799
9377
3442
1640
7680
7877
2182
4867
3224
4620
5866
9705
3853
7320
5813
7245
8006
4814
8101
7866
4271
2763
3644
7468
6489
9174
863
5524
3460
5199
1367
4110
4424
9856
4385
7734
668
734
347
3706
2865
5451
323
7508
9532
3782
4112
3315
7389
7361
2195
4842
2285
1076
2687
75
4505
7530
4361
6359
4019
6822
7135
1499
6047
8609
6585
6145
912
886
4566
2153
2740
511
2391
7921
1322
8645
786
2057
158
552
4617
1031
152
3303
3731
9634
3846
7883
840
7910
5020
8880
5919
7397
5499
6754
4683
8654
7395
4831
8210
1660
8809
7313
6392
9131
3105
1307
382
8532
1796
7092
7547
2634
4393
7445
6252
7188
2296
1129
269
1556
40
3749
2363
8020
4645
3729
871
4719
1005
3624
9626
7609
8509
304
1561
8102
6461
8423
6742
4702
5362
3421
1473
1517
9188
4993
2681
1353
4133
3215
109
1466
9842
4650
3085
1226
5198
8681
2082
899
6793
7715
2046
2699
1067
2974
1945
9864
1948
8360
6389
7829
2881
2848
1850
7163
3252
322
4343
9529
4133
9614
2808
2030
1398
5281
4240
8362
6920
6592
2369
6580
1717
2132
1812
7238
1458
5932
7733
4329
2142
7251
6496
7022
6610
5906
3457
7410
4718
2921
8218
8533
7723
8262
7228
5324
1195
3546
6136
6777
8207
4115
5481
985
2917
7018
9926
1355
2985
5971
3043
5662
1432
1652
2413
2961
5184
2937
7445
2983
9029
7482
9529
9635
2249
5982
9034
3621
7773
4389
9929
8002
4051
153
2640
6467
1476
8524
1914
4124
3500
1093
5148
9178
7573
2801
9778
5781
9650
3900
6081
811
4841
6844
5139
3016
4388
3386
5011
1937
8542
6727
1388
6584
6392
6153
506
3102
6706
5045
1015
4599
251
6530
150
786
4
7473
6186
6119
4379
408
192
1133
2926
2780
2772
6642
8689
3243
6340
5617
5842
9484
6730
4596
1844
1131
4340
9565
5929
3813
9687
9770
8366
6724
95
3969
9911
448
7434
4323
7868
4990
4297
3395
3092
9640
1063
4539
2249
7331
5808
7956
7273
1731
5520
6806
1813
6426
1362
5293
4778
2843
4440
4427
7971
8296
6541
9302
7057
3569
3334
2832
8417
2585
4442
5938
4103
5848
5417
9500
517
6770
3979
2869
5269
1922
5650
1504
9993
5174
9309
8943
2992
3228
8978
7939
4933
8984
5562
1509
8370
6409
8104
6712
9690
9251
3723
4468
1612
8247
4691
5192
9238
818
9289
7591
945
1236
5383
2007
2242
1515
5176
8134
732
6781
673
2950
250
7561
9209
9067
3283
3535
314
7365
1167
3114
510
4323
9101
4295
3702
2685
7520
9158
7108
417
7188
6018
7466
3814
3851
4525
9170
5482
397
4039
5352
985
3056
9730
8401
1334
837
3377
7419
4392
8468
2535
4361
1522
6826
7118
6548
6390
7047
2652
2728
8487
6015
4322
318
2431
9181
1869
8842
5919
8947
7612
5406
9977
2275
4992
2276
8231
3539
3696
9852
625
8565
6503
4639
7612
3772
8405
5756
4414
2412
7576
3314
602
5188
1555
1287
6866
8698
8190
8425
308
5740
5882
6222
8698
1897
9495
8979
7454
2979
8654
9689
5329
4877
2262
6817
3292
7614
4165
2243
8328
7589
8327
3785
88
9080
226
6971
3775
8379
3218
8366
340
875
2056
5928
3112
4891
9858
2898
4227
2206
2490
8887
554
7247
5159
1479
5839
7693
8330
1104
7352
3539
3615
1652
2689
8805
8792
5621
7282
6508
4604
48
9724
9035
3573
3470
9637
753
2970
3343
8599
9857
4789
2090
5667
1803
5716
1024
5313
5987
9206
8216
1948
1946
1125
5790
4509
6607
4607
6603
9464
2850
489
715
6667
3850
6862
0
330
1682
6764
9675
5268
1052
2360
9006
5035
5698
8935
9052
4556
1100
3789
2665
1833
86
5652
4172
4986
9502
5974
1940
6489
5213
6793
3583
2641
7757
2442
8583
4970
2391
6977
7875
961
37
2710
1355
3878
1740
827
7460
7977
257
4913
9992
3401
1830
5725
5526
9906
7179
8300
4912
5430
8390
4227
8159
2435
2377
5388
7235
5075
8553
4874
3560
4337
9594
4127
9387
7289
7895
7165
6222
4134
4303
6268
1259
1565
9781
3694
9959
9462
9160
9345
742
6740
478
44
5741
508
4393
6142
271
4813
8876
954
6448
3439
2201
7358
2966
7409
6681
9470
871
7090
716
258
2934
1009
3537
4303
3512
6342
6220
8582
4338
7386
1595
9503
5122
8618
1938
6671
2975
3843
5810
9639
1264
5684
7956
3887
2235
3777
9444
3212
2672
1575
9618
3715
2602
1850
9099
6736
1664
8866
1061
5652
117
9649
9962
2070
3490
9748
6491
6984
4598
7064
9896
9928
91
5385
4256
5825
2838
1835
511
3252
6492
6925
7806
6463
5490
4728
4400
5137
6786
4157
3243
2926
8887
597
381
7338
7519
3317
5285
6996
4664
6272
2736
7033
1169
3821
2232
2389
724
4602
6230
1500
1368
4816
5782
7736
6815
291
5971
2614
4534
6350
3377
7162
6812
7207
88
5678
9657
6685
9210
8749
7610
8745
3602
9996
9139
6843
4949
7988
1512
2510
3895
1804
8765
5785
2795
5443
4953
8113
1744
3709
4189
4841
1575
5267
1438
2163
6996
8614
4611
7939
1243
3974
731
7727
4677
273
1730
5014
2351
6918
9435
6406
5552
7065
3533
9538
4886
3293
424
9
4982
357
7948
7580
5155
9164
9795
5313
5311
3929
1022
4979
366
2017
460
9838
9929
6304
7896
1298
7978
9642
846
8715
1680
3574
2561
4054
948
759
5705
2778
4344
6310
4149
4396
603
4754
3562
5789
3542
490
3344
5879
6008
3108
1959
4390
2618
9051
2390
1278
2432
5686
7299
7772
9772
7587
6118
8469
1790
905
857
5352
5083
5043
9451
5364
4802
9985
6316
9797
9885
7810
8911
5555
7984
1987
7035
9623
6431
3523
1794
919
8601
8134
3200
311
2779
9113
6902
4757
7206
1060
9974
5362
6377
6142
4959
9212
504
7018
7834
9062
9993
5323
5200
3702
6946
6872
5372
848
5262
1264
6984
6870
3648
4714
3029
7124
2453
7938
1771
3193
6055
1340
3453
114
9793
5152
1287
6766
1074
3498
478
4946
2130
6398
2294
9037
343
8797
4086
5515
6610
8831
7048
4302
2748
502
3129
6885
2565
6870
1181
6614
4353
6032
1085
6987
3881
1923
7570
4433
9484
7925
2647
3225
4708
2076
5537
4821
8888
6278
602
182
3617
7240
9646
7286
9590
7214
3068
3129
7006
7218
1309
8458
6361
2815
961
8240
9904
2416
9428
2726
6562
4128
4297
4530
1201
9527
3382
677
8529
351
3848
4406
744
7390
2815
6714
8634
4106
1571
9407
7770
1484
3881
9600
3695
4847
9210
5228
3703
8992
863
4825
3513
9839
9531
5455
7453
242
5439
5687
2935
4949
8772
6550
8068
6467
3221
753
4124
5477
2022
7596
7827
8299
8687
8978
7433
692
5541
7045
8688
4178
5113
180
3676
4368
1266
5327
6356
2950
5718
7791
1482
7637
9176
6497
9221
322
5855
2841
867
9765
2536
4375
3869
4570
3798
2998
8233
7107
9621
8569
4964
2908
9441
8148
8563
383
2962
3638
4918
6255
6061
4463
7753
5694
3872
282
7960
6823
173
2223
1756
5257
5603
874
3945
9865
8471
8744
9464
9677
3264
2926
9597
8241
8878
6678
3133
4785
2424
3147
8719
6011
4779
9685
3543
2551
1164
1639
8367
5191
7686
2024
7065
7389
2298
469
4978
8016
3760
5959
8336
6297
3444
3369
3003
5557
3906
1024
5344
3694
2678
3641
8733
2408
5474
2206
3372
9577
6636
5460
3682
6304
5989
9866
490
2655
6067
9758
5161
955
5809
2831
42
8515
1123
9571
6476
224
7090
7505
4944
6529
4914
1360
5553
1805
1066
90
4506
8220
9277
8171
8774
8982
4243
6014
6960
4116
1080
7696
6244
9770
6850
556
9912
5723
908
3327
5843
3753
3649
7304
6538
4189
8496
9091
5985
8268
8009
6555
7486
7494
915
14
1239
7250
5091
4070
7192
3507
154
7886
693
7998
8897
1699
8568
7191
6522
8676
6261
3415
980
5299
1897
6345
3053
1920
7027
9851
5704
2096
2165
1823
3976
4257
6134
3575
8036
9205
4016
4949
7248
9047
8740
2131
5124
7341
5088
6969
7098
1439
3136
346
2124
8941
6538
2821
7624
3650
2238
4593
6107
7905
4251
4238
2561
8304
9341
3078
9244
8927
5450
5263
9527
8637
314
4361
3955
8008
3185
6623
9289
3158
4187
1124
8177
2167
5549
4084
1893
8889
5480
1251
8534
5576
7362
9914
1846
1727
4567
3728
2811
1388
9536
5884
3998
4644
6854
2543
833
3403
5380
837
208
4467
7628
7820
4642
9355
3685
5836
4475
5789
7050
9747
4659
8095
5584
5077
799
6209
8976
7506
8461
6233
5935
1376
3713
537
8003
2388
2697
5915
200
860
6173
2863
1495
1536
6738
4312
4708
2707
3287
4465
7191
6359
8711
7126
1540
6244
3221
2408
2451
7553
703
2987
9275
9550
8546
8390
8187
6883
144
2925
7366
800
2291
9899
9103
4401
8643
9308
4999
6041
2983
6064
1989
8617
7859
1584
4963
4827
2104
8718
5494
6285
4416
1979
9264
8186
5539
5156
8078
7937
2298
2891
6006
1782
7844
2786
5632
5066
1687
9144
6418
801
4455
7506
6647
4948
7801
2492
6785
2083
2312
6969
753
9496
1899
2809
2552
3345
3817
7120
5939
5254
9360
237
862
8944
2512
5412
849
2657
6489
5264
3423
6556
1417
6890
1151
4029
8543
9136
3724
9418
6580
14
3185
1425
6349
5348
1360
4304
9075
7507
3847
7428
7868
4018
1511
6295
8401
3777
2962
4214
4043
4903
9451
7586
9044
4556
3310
8876
5373
1502
8383
9042
9835
6255
3856
5814
6795
8285
3859
66
2635
2254
3806
274
3641
5379
9595
4419
2902
835
8607
604
742
269
7554
7077
9695
4820
4181
661
37
4003
9860
9972
6836
6064
2362
7927
9473
206
1313
2498
73
8950
8742
7377
7423
8803
9055
6030
7367
5759
3966
5913
2355
2778
289
425
697
3369
883
7250
7098
5500
9860
4396
8136
5127
2895
2556
651
8216
6975
1047
4414
3941
3373
7870
8224
2150
4377
4385
6605
2612
2025
5309
1946
7312
3879
2636
9201
5317
1784
1466
504
603
9321
9375
9363
9705
8936
3005
5888
9098
1743
4076
8903
2590
9971
6441
9353
480
1840
9538
4198
3439
951
6387
6736
1527
1611
4833
9114
8935
9080
4092
5341
7273
539
8908
8821
8798
1582
6039
753
8015
1575
1791
4342
7716
4003
565
2147
8670
8778
7458
8636
766
8617
8991
8916
5196
1515
4860
5094
32
3748
6581
9788
5703
9812
1344
8412
8236
6503
7822
7981
9743
1659
5773
5998
1179
4653
9960
2395
7819
5848
6988
5278
4520
8250
8505
5396
4593
3280
6989
8619
2008
7892
8508
2262
3489
5583
7147
2880
1672
4537
5826
6071
7452
2344
110
5079
3647
5232
3274
4463
437
7301
9660
9126
8358
216
7630
1514
6910
9443
5730
1127
6574
9461
4744
8763
2101
7093
2007
2369
3500
916
1714
4341
4024
1823
9133
9787
7514
8464
6995
8103
9432
4270
7364
3425
415
4935
1631
3673
9726
5828
8742
9223
127
4358
7352
5408
9624
8547
313
3312
8680
8120
208
9415
902
584
6753
937
7987
1662
1590
2969
5878
6056
2864
9081
3456
1930
2064
5938
496
6245
3844
6960
795
927
7216
1171
4808
3777
3968
2631
4478
7372
8921
8165
9489
2609
2396
7142
7339
6779
9870
5818
579
4429
8166
9895
9459
13
3980
5569
1101
6445
5127
189
1145
1825
392
5807
7393
6425
1560
260
9123
3760
4179
2094
80
8332
8547
4578
7321
352
2579
5419
4413
5933
5743
8629
3593
3596
1599
2503
2417
2339
3172
7977
1555
8281
4189
7978
9730
626
2884
4989
2372
9990
7811
8165
3337
4365
4884
6310
4746
8316
6213
141
2476
7200
7602
8878
2625
140
7471
7782
3937
7464
4366
6097
9251
1725
7974
8570
4686
7201
3815
8629
3002
3782
9918
1076
9296
4965
4027
6197
5223
712
8067
3251
7006
8273
7214
7775
2731
3736
105
5924
3427
4717
4319
7594
8005
7814
3706
4212
4847
357
6535
3497
8196
3888
2616
1977
8920
275
3879
2358
74
1274
3499
900
4101
8936
9287
4505
1731
9818
5080
6240
1618
7344
386
5408
3500
7834
1193
5980
7997
9896
106
8219
9864
9745
9763
8642
3190
6313
1573
5215
1398
6894
435
7804
9224
3050
2391
9650
726
6010
4628
8099
6943
4182
8286
2080
9357
2483
3079
8310
3898
3932
6399
6855
2862
9768
7653
2071
4731
1720
4018
5108
310
1981
6088
5624
6499
5896
9442
346
160
4105
696
5132
5309
4163
7826
1525
8832
3045
4556
3092
7354
7115
6376
6347
135
3264
1693
4550
6982
6272
47
4469
3340
2687
909
9038
6793
9535
1026
6266
5288
8175
6486
3392
9910
5080
2725
7870
7165
4935
2802
3969
2561
9364
1719
7282
9768
991
4056
4155
5902
6140
9169
9580
1991
6034
4767
4512
9592
1161
6588
1417
6065
3818
1469
8444
6077
1599
9543
6366
9606
8636
1147
5827
3754
102
6814
2980
8957
9342
7307
690
9215
915
1920
6896
476
8907
349
6759
3657
9477
8461
6766
6444
3536
4878
6418
6172
7542
703
1375
95
3017
2965
4483
7134
3012
6082
1897
9888
3162
9007
8087
8196
7392
6819
8932
6600
1942
8792
7904
1483
4065
3749
8677
8090
3241
2671
3990
9511
7418
6626
6419
5616
6032
294
1567
9092
6283
1670
8356
2532
2203
2298
8239
6996
5103
8918
4731
822
3290
2541
4335
2531
2774
9071
8177
3505
4904
2984
2325
2340
2216
1959
1303
1204
7802
2176
9597
5717
3381
6486
6592
9357
6207
7458
1282
4503
8617
4962
9895
8471
7268
429
6253
263
2113
3142
6033
3576
326
5043
9948
2839
4460
907
1311
624
1080
7736
2253
8595
9316
7584
3116
6952
3622
9436
7326
3744
1595
146
1188
131
2887
9990
4920
7958
5647
2216
8660
4525
1050
6570
9576
6166
7508
6668
3469
7712
4100
8973
4846
1896
7422
4913
2409
9562
8954
6365
4621
3830
7597
1477
715
5187
7272
1994
2595
8319
5409
3378
9839
9280
9401
4651
3888
4548
4126
9967
4876
3380
809
8289
9979
5752
1642
401
926
9543
3750
4047
9185
9433
2659
2730
4657
3541
8953
2209
172
1870
1313
685
3264
8262
5660
5092
5236
7403
9310
1695
8111
3282
3479
5739
3406
921
9327
2404
4422
9726
6213
1417
858
2803
4617
6018
1594
481
6053
5393
7515
9140
3579
9161
903
4581
6373
5241
4311
6504
2365
4645
8710
1150
2705
1010
5088
9745
9532
499
3607
2699
4450
1986
816
3333
4189
4949
5386
9729
4344
6509
1478
1638
3161
1644
2179
8648
8789
5298
2749
1183
3247
9357
9705
2791
9782
5123
437
8390
1832
5631
3109
2000
8355
6259
5526
9652
2826
4397
7628
9637
195
4166
6628
6621
5192
3482
8982
7200
6434
3090
4680
8571
8159
9054
8244
5744
6472
6865
6768
5382
636
610
8764
223
5123
123
2142
9261
2307
1869
4676
7560
3403
1292
3668
636
424
84
1485
1744
818
7332
2228
3881
9406
8688
9277
9609
7144
8949
9929
1429
15
5964
8229
9047
3394
4224
351
711
1102
5471
4245
7387
4903
8027
540
6874
9689
2319
9792
1408
4269
4360
9952
5728
4508
3084
1306
2034
8304
8894
6146
5530
4033
6138
9907
6164
1040
9313
5666
3317
2484
3480
6570
5238
4360
1844
1242
1291
6354
4768
6404
5209
8908
3340
3234
1486
9572
9189
9220
5370
508
9639
4047
2377
7592
1050
5202
4134
1567
2565
9156
9412
9408
520
5148
8319
2651
9902
7323
2534
1801
1830
4503
8740
6754
4954
5612
7691
1920
7415
9184
8987
7652
4878
1888
6043
2777
7990
9083
6151
4172
9883
8632
4136
1143
5330
2039
1954
4220
8619
7088
644
8895
6676
7055
260
5957
8568
59
471
6971
7095
609
2254
8648
4124
4978
4962
5719
8882
3983
3717
2412
9175
6270
7775
6658
5142
2750
9767
4324
5474
7485
9560
8477
8056
1743
1209
8170
2867
9206
1030
4393
1027
190
3186
6488
2503
8290
3196
8951
7888
2002
1238
6520
9605
7682
5625
9776
1657
5675
2040
6157
8038
3702
8403
3856
9956
6705
6133
2052
4972
9512
1159
8499
4133
3012
7754
9680
263
9277
2989
4289
4371
443
2528
4348
1824
7436
407
1074
3627
1118
7222
2859
5224
1442
6551
8307
9113
2104
7019
7900
3038
4376
3791
7907
1209
5727
4857
1078
7028
5876
3616
1209
6200
5662
4235
5945
4176
6013
2212
1552
1029
4877
1617
9405
5775
6911
7505
587
5370
2516
7051
8424
7317
1200
3595
9462
8782
6807
1959
9085
5758
4712
1516
5733
8420
240
1167
6761
9882
3220
993
3051
5851
1408
2223
9385
8968
9487
6543
3446
9894
5137
8776
639
4709
7391
2611
1405
6067
8854
6394
6245
1451
4493
6715
4830
2257
8477
8551
4496
197
3037
6589
433
4474
1545
7745
1654
2550
2092
7166
153
6238
8806
1683
3907
1782
313
5915
811
30
7997
7325
220
9567
9608
539
1316
9493
5201
6186
4574
8550
4918
1293
517
6655
9808
2764
1874
2901
4259
1324
4033
9262
8859
4202
9098
1273
6181
2339
280
9539
5346
3383
2140
9175
8908
9619
4267
7176
2905
9529
9246
652
6536
9955
2777
6117
6266
76
3938
2419
2892
8443
6004
6892
2793
5108
3891
7063
2904
5213
8881
3637
5522
952
7345
5828
4696
1175
9938
7693
2197
2679
5336
5589
2967
2631
6792
7732
7978
6192
6274
9138
5719
8234
5125
9750
1755
9348
9207
2631
1869
8159
2364
8899
7261
8131
3506
9170
6901
4602
8191
9185
574
8285
5614
2885
7327
4760
1457
6315
5003
5003
8032
3566
2450
2289
7153
3616
2851
3277
1774
7978
3676
913
7623
896
1077
9357
1131
265
7456
4337
9430
1327
4518
9367
8798
546
7850
9894
954
2011
5983
4607
157
7755
8617
9475
6109
9757
7276
4308
7824
42
2808
201
6415
4768
9008
5688
1450
3647
9864
9017
7044
1443
9909
8046
3201
9078
6412
9953
2472
7291
8288
2307
6341
1594
7120
108
3848
8098
9261
9978
2922
1569
6262
635
3344
9887
1422
5755
6685
9111
8965
1925
357
5985
5756
6192
8994
6483
3504
8027
697
542
7742
2763
8861
1329
2462
3920
2637
8247
845
1429
2936
3481
1109
667
3097
3628
5903
2375
7705
8216
5895
7727
3088
2360
6258
2987
4118
9232
4642
8719
4051
1268
2909
4315
4297
5314
2685
6814
5746
3375
7462
6297
1122
5705
6011
8567
1941
9242
3200
9828
4062
523
3241
498
2315
6107
6175
4397
8819
4210
3231
1020
7692
1881
8959
8468
4133
1980
3995
1412
1040
1943
9356
6026
6366
1490
1678
3449
8475
2827
5244
6804
1405
4558
5393
8037
2952
8426
4523
9568
3817
6645
4871
8730
8273
1106
6097
7542
5245
5039
3086
6386
2586
2282
3805
2582
7536
189
5270
6333
8640
4404
249
4
1286
8496
9088
7465
2728
9059
1592
9121
7113
9007
8106
3412
5453
3975
7567
5484
5267
911
2158
9580
5259
5028
3178
9595
8981
3530
3748
6246
9993
8090
9866
3413
8344
5585
9155
7125
2679
9526
4280
376
4420
5889
6620
4887
5173
3435
2222
6847
7841
3374
1635
9925
7365
8399
3803
2904
2157
356
1166
6362
228
6383
3420
8232
9868
9279
4445
9758
8147
1704
4752
4482
8238
9857
7881
4275
9690
8546
6668
8930
2753
449
5567
3138
6266
1339
658
5524
8390
4839
4911
5182
4967
3530
4210
8481
2750
3113
8971
1976
5281
6767
7412
460
550
3287
3228
4562
9357
4290
1976
2083
5945
8504
4741
6212
2011
9496
2884
2023
7765
3181
5890
7755
9795
3020
2887
7256
2819
294
3228
5020
8054
9472
9206
1166
4159
1171
4399
3717
1178
7976
9968
3178
4417
8589
2479
5695
3986
9066
5118
7311
9156
3780
7654
1931
1568
4157
2889
8660
1552
8024
720
1811
782
2799
8234
6166
7658
9898
1515
5343
9108
7247
4067
7243
1008
9991
8130
4762
5555
3482
9643
4849
6380
5881
9481
4661
3964
2747
2964
391
5174
1548
4677
5284
1154
7937
5690
6518
9025
7021
7498
1870
1115
4692
9722
2258
4061
6030
3266
4064
1724
7951
4362
9268
5496
1699
8390
3330
2307
886
1748
1999
1142
2929
9966
3020
8769
4635
6120
6481
2859
6989
3941
5282
8003
4056
9404
2117
6969
7060
5563
1383
4806
6853
1592
8403
8221
7019
5111
7137
2634
843
9421
3801
7004
9552
5203
3155
4178
6885
998
7126
6246
7865
3421
388
8985
3051
7169
2755
2609
5720
5385
5062
3090
8981
2677
9742
6491
5276
8992
3502
27
8051
1432
1469
6650
7343
54
6592
3440
8977
627
6868
8257
4015
3259
5632
9021
7775
7793
6436
7649
9391
59
6231
7526
5639
3417
6285
3154
107
6861
4524
1209
8197
9294
1270
8938
3736
2733
490
3180
6888
9359
3909
8078
9777
5723
6439
2915
3724
5475
9210
1750
4896
848
4823
1416
6588
5331
6824
3787
1380
825
8471
6383
3411
3448
986
3708
5342
2703
8049
1156
37
9129
5600
6777
9100
9679
6099
1157
8410
7118
6527
6639
412
7615
4370
8103
8848
7723
5632
4655
9708
14
1313
5342
2565
3202
1480
176
5365
3555
9583
7336
8377
6319
9709
7698
6173
8682
9198
2542
581
5169
2023
76
9623
6191
602
1687
3347
5582
6564
1800
4422
1281
3289
2830
661
8733
3942
2715
5732
1104
9878
484
9856
6936
2607
495
2014
521
2579
8530
1042
5038
4461
9695
3088
3427
8823
5725
4420
8292
6582
6261
43
3830
5516
8165
2333
164
7786
9011
8956
1663
6844
5245
3212
5112
9373
3789
2046
3203
8846
4372
77
2084
7849
1730
1839
4950
5082
4961
7170
4173
3682
426
6208
2810
1644
4113
4442
8713
4224
5611
4719
5519
6458
4751
1132
9926
805
1469
9649
2379
7407
1995
6470
3172
9705
9630
8212
610
6133
5051
7667
5831
4241
524
6091
6835
9534
29
2776
4908
492
5845
6191
605
8983
3725
8757
5542
2347
7615
685
5229
8058
9639
3134
7798
2502
7546
8893
2626
3180
5296
1007
1338
4780
240
8291
4459
7990
4249
7850
8873
9746
5139
1068
1368
1496
7093
2538
9671
9938
5065
4002
5774
2100
3258
4337
3790
3269
3709
5199
1420
4418
9390
2224
6225
3138
469
7197
4598
3523
740
4813
7689
1624
8704
2337
7827
1688
9112
4449
5355
7759
2605
2913
6650
6003
4671
9530
2572
6354
8689
5585
4158
1355
9169
5042
1302
4059
203
6831
5894
2158
5014
2447
4819
8467
6614
3774
9834
7959
7997
6545
1064
2915
5795
2652
2315
2600
1482
8774
9003
4361
3537
5373
974
3929
6371
3496
1292
4197
3548
3169
22
1271
4292
6276
6605
2208
1259
5160
1520
809
1061
875
4120
2010
6431
8808
8708
4832
3746
4778
788
2237
2804
8711
3896
9413
7404
1389
9287
1529
7872
9938
3946
6480
6932
770
841
6922
2192
2228
952
503
5360
9747
2442
4650
5636
1735
4354
7019
2402
6527
2451
9535
7455
7759
3469
105
6119
4607
2029
4191
8094
2888
6121
8560
6110
5660
2407
2045
3344
6339
9964
6041
8845
1340
9605
8858
5588
1937
7909
8679
4458
9517
8891
5838
2653
4100
8067
4814
9595
1289
1006
3719
2096
7537
1636
5407
2760
1341
980
1247
7637
8880
9208
406
7028
5678
8222
3397
4873
1429
7151
5883
9937
7595
3493
4342
5434
7377
905
9129
1927
4842
4369
7712
2277
5406
1306
4037
2777
8389
5815
1984
3969
5387
3376
7104
148
5940
6651
2012
2478
6080
4426
5149
5577
1393
5827
8608
7260
6159
9748
9480
1028
4811
4673
6898
8230
3713
9708
7627
3471
6175
2591
701
1587
4406
1635
2998
5851
139
4016
4588
5417
3925
3525
4875
296
8367
3898
7478
6461
6029
4307
5988
3431
600
7432
1630
5560
3555
7166
2587
4280
5575
7335
8703
6842
6063
8251
2422
2373
8136
8553
214
4983
4462
3015
9314
7407
9443
5984
3154
5553
9908
6340
9101
2106
3045
5501
2780
5832
1566
669
684
6746
793
2408
3694
7325
5377
8406
7595
7233
9020
4271
7173
6642
3914
1015
83
8596
7252
7032
7438
8440
5593
7442
5026
2282
8837
4275
2058
2651
46
8754
1194
8740
5275
9570
1976
8387
5289
4215
311
6434
3826
936
4831
8551
1480
6414
212
4653
982
4629
1145
2505
5530
9533
4942
275
2800
2705
6741
8876
571
5316
8099
7956
6730
5108
6313
7042
4421
5933
9931
9173
8618
2383
2457
3716
1557
1538
5738
7968
2818
9547
1666
577
3812
3041
3004
324
3017
5144
3813
9963
6075
7371
7319
9650
6253
2038
4457
8255
4565
3364
2654
3055
2913
8131
9940
775
6933
1259
9831
1778
990
5849
3710
7781
5403
7779
8145
4442
3806
9003
8529
8450
6420
1768
8989
3650
6546
4377
3344
8608
2891
2460
7086
4821
8464
3335
5437
8424
7969
3551
4464
1173
4423
5575
8201
8278
2586
1520
4653
263
1555
3230
2380
4564
2426
5842
9765
5613
4241
8484
3948
2351
3889
2114
1087
1575
3385
2049
4918
8469
2747
6489
4615
865
3989
2992
4339
6877
3645
1264
6546
1907
8403
2618
5481
7967
3388
7008
183
7543
1331
6472
1801
4839
6031
6159
4921
7527
6643
8816
8641
2508
3197
6700
19
4709
5354
3414
9832
539
8763
2203
733
8845
8770
2917
8374
5635
3072
6309
2044
2573
694
6692
8180
8345
8168
5545
5680
1239
7882
3566
9528
7254
2206
4251
9448
1981
8436
1601
4283
4761
8157
9378
3969
7778
3745
1782
8234
866
9177
906
846
8997
722
6286
6951
5263
642
5729
8010
8384
7617
4853
8465
3486
6696
8988
2540
5424
8458
4715
749
9840
7430
7037
8590
2524
8325
532
4504
8425
1284
508
8250
8561
4055
807
2085
3690
6137
4246
6117
5002
2767
6392
1509
3634
1683
3316
4155
6036
3604
4860
456
2022
5160
684
2044
6904
6496
1735
8934
818
2274
2757
9593
4015
5408
5915
835
390
5247
3487
2068
6281
2546
1935
4012
2993
310
6428
6286
9629
4278
6178
5688
4535
7704
6821
5210
5645
9180
7605
5036
703
8229
2552
1427
921
3512
6141
7574
6144
1775
3662
5377
5826
9703
3452
6661
9578
4862
4979
2492
142
8966
1530
5831
3504
6238
5392
4505
8289
23
4229
1956
4432
1804
317
4112
8719
2141
5719
3301
8478
2758
967
8885
453
2113
7643
8429
7603
3749
5202
9884
4707
1690
3735
1587
3748
1021
9918
2779
1107
4039
6611
7756
1720
4077
4219
4437
6052
5258
6493
5810
6782
8218
5939
5920
5478
9722
5762
1438
9599
9473
1473
3641
5481
6080
6389
2347
9458
7881
326
4002
2024
4101
9531
7112
6460
9881
1329
3283
5344
1246
7889
5523
4800
5642
7014
3759
5526
1843
1771
2744
2162
2569
6319
9072
3226
1033
9245
1734
4763
1933
3480
6738
3547
292
9232
8429
3656
1603
2729
3330
1644
1252
3962
1985
5517
4181
4270
8365
5832
9799
3805
8028
335
6518
6874
6208
7659
2979
3171
6304
9175
3522
6398
1406
8708
7101
921
5364
7501
6466
7563
1794
719
6628
2510
6027
3413
3587
8380
5425
9068
9926
3962
2206
5620
8647
2775
1944
9549
9749
9677
2416
2918
1391
7170
6338
5006
3470
7098
7768
5579
2290
1033
3212
1413
476
1261
2592
9117
2866
9741
2671
2663
1921
1411
1950
2628
1996
510
4711
9574
1047
7
6264
7137
8079
8575
7615
1369
696
1696
7040
4207
6718
1345
7262
7256
8289
6127
9221
1426
3667
2821
8489
1639
7543
3825
5123
9356
3166
9208
6693
8945
514
8807
2072
3996
2541
9381
7701
3107
3185
5049
894
9901
4934
593
6619
2338
2700
6531
5208
1723
3386
677
1822
1951
4665
2130
2133
6104
1140
2871
8578
6771
4409
7362
3456
1653
4999
8354
7861
9892
7052
4675
2544
1988
846
4593
9854
6435
7330
2806
6416
5765
3010
4691
8357
9337
1681
3571
4196
8015
2086
4060
1854
9202
1875
1401
2943
9120
9015
5955
9371
1729
1581
6883
9298
1332
6749
6664
4377
4396
4736
657
760
7864
4675
4484
8005
8676
7263
8111
3513
6257
5135
4015
3640
5308
1817
8477
4669
6007
5797
8731
8517
7942
8529
4196
5570
216
6465
348
4404
4790
3463
7703
9352
2443
3962
3038
8668
8850
465
3134
363
2832
4129
4232
9054
4738
1382
9909
5221
2144
5721
1407
377
4176
4283
3603
5304
8334
6964
6080
8980
2801
9199
7081
8308
7978
1907
2002
1295
8118
6183
1480
2112
4021
356
4475
6126
2116
1032
2306
7660
2095
2095
1669
6403
2386
9876
620
8813
9933
3449
6807
5031
2397
5024
3125
6225
8326
1754
2202
1227
4999
969
7798
9131
7463
1252
2243
8247
3211
1227
3651
3699
9544
2133
2643
782
8858
3840
4179
9033
7078
2934
7538
456
2739
5770
4116
2315
6428
5413
4344
834
9657
4191
8215
2633
7859
90
8673
9156
7858
5708
8959
9048
6573
167
8072
593
5217
2929
7335
2187
4053
1283
3859
2261
3861
1478
7097
211
5403
4667
4907
8435
797
9548
8329
9418
6320
1631
5892
5467
4633
6376
509
6924
2815
8082
5183
4748
7460
5674
8792
7868
7896
8740
4376
4733
6602
4955
9764
2427
2019
2092
2243
8514
3070
1933
4523
8542
8337
8769
820
1736
2294
4779
7637
4720
9497
7977
256
6724
7981
3809
254
3533
66
8920
2115
2645
1798
8434
4425
493
7551
6702
7859
8221
9986
4655
3596
4888
5395
5135
408
3066
2976
5202
1114
8845
3360
2051
1881
6086
5617
6529
4588
8412
4240
6292
9862
4513
3729
4339
9027
5745
1016
9333
7903
5159
7331
2002
5719
4661
5207
8694
3331
252
2141
4345
7075
2725
5465
4721
6917
3797
8695
2618
9819
1832
5249
7129
4446
877
2826
5148
259
5784
9802
2740
9841
1472
2096
2165
5703
7790
5593
1305
3117
2462
290
2623
5538
2965
9882
1961
4143
6316
6088
5416
3932
953
4136
8935
4974
2637
2637
7355
3720
1600
2664
1428
9335
9205
1910
5510
7600
2252
6985
9267
7731
2462
1433
2052
8479
8681
7259
2869
603
3489
1278
5639
5506
2920
4364
3354
7
4415
6049
4540
6160
354
115
6211
2309
1968
9987
3197
7611
5299
8563
9836
594
9379
3310
5738
2483
8991
8279
8464
5651
5223
4429
7060
5158
6428
4136
7549
8683
7960
5764
4536
4791
8832
7199
8489
7214
7882
570
1161
325
6610
3033
8720
8060
3996
4383
3980
967
3672
1992
2704
7686
1956
7468
28
2819
7702
9868
9064
782
598
4043
5699
8665
2556
3639
9261
2489
8813
9899
4435
3270
8349
5025
3553
8325
1596
2569
1957
969
1982
4038
735
8584
3913
7170
7850
5820
5887
5778
9156
739
3712
6697
7279
7130
5563
6375
7861
4215
898
7669
6827
4790
7143
8138
8340
6789
7341
746
4030
9509
4646
9746
9364
830
4144
1252
1017
2802
2860
4617
9609
607
6268
6344
8893
349
5849
9482
5417
8968
1362
4007
953
241
2971
5603
3888
2862
9188
4008
9638
4524
4003
7121
4761
2337
369
2483
4285
8447
2451
4535
8022
6952
8375
9916
4102
6889
1472
6472
8042
6864
6618
6955
3614
1505
9967
9592
9200
3218
3346
3679
5802
5364
7322
4714
2384
3965
591
5785
1607
4031
4073
7070
6572
6709
9887
5434
3083
3389
2326
9979
4752
9797
6660
5459
1534
4828
4137
4153
8861
6485
7272
3088
1224
7873
8275
9366
4135
4740
7513
3361
3918
8793
5778
1278
9259
6974
9045
3027
9409
1288
2571
3822
5100
9882
746
2867
2439
1972
2992
6775
1388
4393
5206
100
6988
9022
1583
8848
7736
9755
6735
2816
4768
7125
1721
8993
2622
3740
6155
5225
5927
5632
8737
2460
1552
3080
9367
5934
6495
9699
2091
3595
3560
4357
1247
1403
8873
6130
5821
4372
3343
5782
3752
3291
8809
6589
9030
6222
4932
4585
7308
1496
4742
940
8481
2820
1581
3031
7508
4336
3098
2561
3505
3228
5732
8510
4963
3555
6250
5642
9383
7995
2370
9569
4723
4610
8135
1741
9106
5668
8867
303
3134
2048
6293
9156
5017
3517
4484
74
4195
5688
8009
4021
1189
4240
3114
4182
4545
5789
2597
6485
4622
9897
3557
3832
6047
4425
1469
8794
8326
5390
2659
476
7604
5890
2546
4657
2206
6446
7936
462
3332
1079
5845
888
8268
1242
8034
822
2497
9573
2607
2992
5142
547
1254
5953
7715
8377
1206
6080
3161
8594
4713
7995
1861
8140
9269
1337
5309
5770
9259
781
833
6101
2924
6078
1240
4627
8176
8367
8868
9934
897
2393
1264
2749
930
4357
5459
8257
3306
5351
4714
9560
6716
7528
8098
1610
2429
6767
2410
9279
6428
2555
3032
2401
5457
4690
6094
8932
5793
2053
7021
3532
7323
1887
8649
8575
6917
7600
6690
3188
5038
8887
7664
695
209
2931
8471
7626
3672
8412
1492
7138
3796
2049
1389
4727
8091
8404
1339
4842
2901
8676
6939
8496
3893
266
5091
6176
7377
1143
5214
8795
5576
7433
8630
5727
1642
8602
4051
1129
9919
6932
8191
3017
7552
271
