520105
3500
734500
668029
945996
614783
408762
133881
434558
142358
232038
434845
151705
168572
884227
295632
683695
351903
302571
834079
138533
605832
65413
515051
581312
933291
283692
929816
968128
604983
313316
231534
543721
878061
880430
323303
947035
718394
897303
845810
668118
449629
207231
777050
676439
43053
241271
994752
917584
974789
497202
499197
390922
505004
401904
514351
879297
624664
423005
320978
322839
219131
825466
197235
797888
617886
685670
98710
79901
242306
282075
877812
602484
588329
770780
676659
55756
50632
760204
211187
943827
825580
545874
658250
706863
240430
19199
751217
836944
718351
678602
50461
123661
277843
443881
578577
365227
9401
692070
569886
700021
603355
822848
781506
43357
405089
841962
28842
862196
35229
680878
549861
859364
673488
899466
756006
756948
209799
835874
507400
720228
612084
354686
448471
518281
746781
922081
177704
10752
169388
517117
200733
233161
934154
723842
155913
242078
564358
482957
711002
8847
989927
297952
641464
314026
463366
963417
826375
607925
377001
27709
476265
744568
146490
523866
655770
961866
222541
948042
728245
330094
123255
870565
453182
499913
624750
908651
162007
91714
842500
439900
353680
637312
517582
400859
646273
35712
981881
694433
830700
955394
807915
163949
662108
210356
299577
210785
435596
575736
699892
7999
596397
776629
184099
856226
979002
981598
477565
642837
431808
327029
847673
94074
818486
72085
529693
686438
777491
484472
574460
732355
328072
547913
69492
441221
924012
892391
557005
235898
942615
822443
827298
472903
751531
67515
632549
58913
393631
527574
975607
504174
871998
228379
665488
323277
883073
341336
683580
644215
344133
135498
413022
567179
977680
302503
992114
515110
664234
183222
458136
219410
948903
997260
150728
407528
506341
468639
197378
916538
132043
3943
163979
200552
862073
329503
930455
773333
633131
764097
57819
414346
813428
891017
814488
241238
373194
611565
295236
429386
161118
490391
817868
245368
26959
36066
845737
602248
526513
458458
836918
877377
886644
383675
644655
735529
347025
629225
823200
39762
61417
103860
565974
118213
392759
121096
110079
86538
709176
341204
576306
142889
46544
387592
124247
685913
189751
139650
437838
327456
609935
270761
321232
842475
127201
778126
184545
421551
324555
807060
493474
259611
373818
788576
608606
161678
631137
833347
565383
997246
779524
20952
162967
154075
427906
19726
611861
685680
487792
714414
11147
310646
735429
816326
115087
393219
202799
909975
436838
240821
226816
942726
408936
613436
502439
697060
463557
10991
540201
471546
851218
737338
807947
724906
328548
723211
154626
261871
511019
806366
63251
129482
405315
436153
881021
483492
61699
304065
525833
527561
275626
53823
696692
239565
129719
237439
325730
11812
914525
941357
734753
843148
565265
783407
610469
144266
370822
192232
729187
132152
972704
331444
161086
790218
900738
667544
111741
317627
367255
840419
338031
260620
243815
155507
258601
251867
8782
45771
95640
638230
617916
258156
92820
675718
304487
202618
589971
351283
54059
902252
362714
958521
169318
731039
597217
28150
892051
692672
436952
79514
386231
341675
558505
417442
614309
679128
383835
116103
318033
962976
571800
690239
707975
490825
435254
302265
788329
65829
62755
754611
914352
208729
675073
799438
71193
786957
183730
307297
49899
791378
937212
682633
707475
589408
213835
223422
564478
347742
450431
286062
300244
66607
362743
542325
140200
59389
724854
975477
532698
895862
417147
746065
928224
94289
539506
618469
398901
877874
611106
246906
470997
425854
660666
509356
41079
460729
950186
1026
963912
73355
97568
271894
646742
139985
974152
947969
273040
913651
285030
310873
574725
650928
604125
538790
44526
879210
571802
712776
251329
924678
287486
960594
316458
53667
788971
106046
406038
366788
127455
791156
275450
903734
474502
883065
900881
135126
64139
724499
187869
645043
537989
358847
748310
743221
459984
696827
79601
529551
763987
895526
909547
495965
634966
211896
438419
663425
572753
757061
118674
976441
995447
915926
69492
816869
884027
475206
287294
45812
405553
504335
247247
571126
762456
805635
10441
592649
361030
856096
475744
62950
762558
932198
316451
573702
342925
886220
494935
533118
536589
437665
81858
725065
452084
982844
651597
863095
320470
700885
466934
690831
55328
52647
391456
292749
370929
803173
318309
215741
710301
136777
422933
552070
291244
730800
732190
479031
78380
279205
53160
711099
453528
645846
875006
608539
883649
830397
303354
154866
402220
264269
717886
907361
230851
651423
673324
223869
206460
927871
557186
349696
756329
747101
843843
225703
218291
785990
65373
458241
153378
701492
180806
719729
589140
613043
144854
762371
587055
915047
636539
204191
198778
179702
41965
654520
393370
49937
531323
594015
358969
768289
19098
611592
243921
278547
742150
167535
768292
377107
380054
428893
649413
899891
25891
981680
715098
393770
797016
325991
274147
639628
560555
107720
452351
34188
697098
527069
38427
481621
300957
423425
1093
641719
932272
192758
396981
192443
414102
112556
378536
20103
78510
386099
498880
794968
884757
468888
392283
334158
488329
92193
158039
123154
363150
79494
693969
753778
655483
179267
693326
247355
464421
970824
743561
939677
541371
588290
733362
997978
23383
841140
699893
673388
259783
968956
23555
35024
258376
74166
23436
419395
919969
441734
121479
912029
404418
831341
754135
373862
487530
158887
621633
365150
138551
153870
10103
602298
238499
861736
211743
621616
39253
670774
242234
197573
754018
687145
430114
866492
396940
205474
175323
75
431358
63097
467241
132668
924076
300937
168011
313373
171584
651391
734705
786244
301046
442245
931888
221636
245002
944926
210541
467916
37968
545441
164374
569125
332574
307677
762670
820729
832725
102844
670449
397453
394843
957398
750563
585519
462033
227520
975124
652891
329430
634253
210246
677605
254982
723411
261499
273876
344035
472969
838860
671762
367486
222662
708554
347929
593922
901796
812358
717228
401238
377961
948286
887607
911168
228459
193593
280498
392231
75260
413617
916659
387577
941443
317908
270839
831597
641023
806432
980445
163925
654394
79461
41994
175453
58200
779449
898751
25314
52047
483936
483222
250652
276400
196049
564505
305711
158033
181893
913820
69770
804285
9021
858496
164327
738069
951907
777498
831361
905987
882129
298032
512301
676461
263769
196453
300463
888407
167710
866611
740249
719489
119429
289703
339514
162520
748988
581982
925522
66186
342951
786248
91316
989365
557563
751631
382621
905172
370678
870809
203333
80190
284545
537522
261018
145615
378911
388424
526610
510243
918039
406063
391706
271069
278795
503848
922737
727014
260223
274613
737122
456836
706736
662739
168785
786250
504006
682429
608668
834678
643565
233792
462788
332871
282243
111820
281853
63107
706785
524489
701316
258935
341786
664380
761164
167157
477630
957844
525875
417116
140104
657508
225100
948448
448287
73504
116319
245667
214012
348028
116357
134508
304537
673798
847135
669662
128021
912596
932987
835764
295160
873788
216438
183308
174092
18643
523407
809229
381896
34125
907678
589463
765104
804997
91483
489881
712323
556465
450527
474969
641053
857888
177448
743842
712931
303443
710111
134273
590069
815930
596265
821919
760804
968681
352663
318761
375551
566739
687100
47710
959692
67016
510927
885614
956242
608234
255885
361400
19892
341126
104027
147446
887831
39239
277541
958538
621239
287958
654258
482841
2662
816864
765244
912497
924651
196823
987176
557901
78406
372265
211160
849976
90042
560778
901553
330224
227040
411701
656445
460837
757048
973850
752247
859286
162251
746435
757839
866715
449913
658936
901683
830937
336378
292859
184012
647255
778992
584641
164614
618839
177282
963339
296892
628506
128725
724063
696034
651879
301009
28618
351541
374911
245562
384534
253531
834197
627910
674223
382675
694481
769211
694494
403093
773219
787853
896161
536796
366180
286700
272214
31304
611139
64444
585312
855924
729199
931132
820779
477076
326577
398667
635260
422285
735704
895660
894704
702505
475684
649126
174904
332833
561824
488069
365830
185121
475750
389061
575070
188350
896043
512486
179571
632775
699418
9586
707398
653909
579834
832155
837348
197576
843879
794085
44185
175802
362292
940799
667000
596738
266982
930489
579419
124643
148663
250002
350200
435923
240974
136132
224119
475123
272110
586187
364380
74558
364612
684158
283192
630012
998702
83109
966389
572858
695702
140974
856359
149287
687534
254463
96082
616678
518643
50958
522319
954863
771043
536047
110289
829063
45337
137694
463156
47206
995008
998084
571056
546261
762889
330217
265115
892186
163383
245680
406789
961204
587783
68290
992198
414849
970018
749005
640933
518873
463785
892472
770663
971339
367498
974723
539999
585679
549578
282754
45334
761064
322747
726254
471265
708933
682226
73811
872747
888218
739682
42907
980194
232657
373784
545381
101503
685126
791158
856507
598572
642469
200987
463105
56806
969444
895567
359034
676630
774927
81666
928107
394007
623051
97900
695946
95846
945700
596637
882898
115081
252562
670725
167203
63899
126103
212067
516658
352317
719696
337458
591678
319173
528992
984857
614748
415102
14305
638462
870497
979482
352705
92396
105272
768531
283697
609938
71000
958126
975692
318060
669792
66672
828953
126205
545393
340146
594645
445114
305802
98674
532252
967915
696785
362587
155412
364235
155320
522509
488803
921896
10201
674853
438666
583646
746963
558972
582790
992720
877284
368652
331243
745897
38141
397697
368804
111789
560790
861828
639246
701612
289502
927266
898573
566601
368606
96277
280486
668073
855515
543105
67362
741068
736901
667447
331506
9285
433095
209723
645226
657144
458174
441323
198377
214215
174440
657926
405378
238681
732311
934600
130661
721189
340720
583003
665268
180377
67428
234651
404383
338955
850074
976503
115513
797803
312144
518187
762531
148735
156316
272023
27645
258946
262059
290931
120571
936600
384068
814586
803748
153337
350605
315397
119650
401807
541491
273495
359306
441783
908062
819809
841592
614283
933596
10180
15242
447846
352416
988437
887512
453199
607070
85382
415857
701665
461875
922107
65809
48666
771864
544147
486535
127342
571233
227355
135468
569815
665255
852427
598321
277073
132901
143689
407107
55114
250874
875707
916121
58317
588335
650626
516821
364535
478193
587919
373033
674757
906679
309674
356902
748227
567230
778004
835427
307440
464861
691142
972640
972652
928716
381846
801705
399411
167001
111628
215898
422660
881764
708887
412219
275317
830866
65281
83837
106791
289044
755596
638689
226869
905243
170409
965105
33115
593764
2067
268482
125720
524499
672693
466015
994210
513236
573356
702477
87222
755198
547317
95663
402432
820586
413800
644790
701696
644566
24468
851649
450396
229157
170371
478451
874267
341691
926201
667001
536662
383428
810261
493207
369959
129762
547351
754102
592856
355759
608216
159939
747695
681255
939178
112855
676055
850056
30753
330748
484971
227868
361633
858030
949010
521438
217241
584591
744419
623156
358630
564680
960839
435247
211925
935425
414121
468166
380416
530690
962102
709268
836341
773108
765453
569038
128130
711997
840728
809751
108135
216922
315406
389
827857
98695
149020
804879
410207
27360
254743
959477
454942
469186
607041
118535
193129
843917
109015
413453
524100
784742
413942
972768
854219
794928
136367
265726
436777
968277
676347
759100
578184
460090
334242
397275
534509
448840
271707
36817
347136
757087
826497
474924
945432
647256
504545
720655
31882
570849
833103
860951
30886
528580
984833
290807
461728
847273
386536
307056
739991
453424
260279
534912
636652
432797
452094
370571
462316
822964
868058
414710
793532
157068
133838
651951
32234
431335
636605
139312
867259
527981
203472
19960
383298
14342
264346
422524
997856
936718
276414
964586
976908
214859
429797
203432
126382
454951
577487
97625
536826
72970
946237
817459
395215
147236
388031
606987
809521
192872
764221
719376
22432
318654
946952
163176
40068
938730
946460
380228
555334
271103
790105
375006
604323
368140
92166
906928
924790
951204
255568
396528
770292
124547
71715
266249
519898
338610
156813
698252
875104
178898
347550
734233
581596
545557
431407
333138
298722
136024
603522
337512
574173
376868
909802
251467
491502
802676
882394
604813
835255
534112
216959
348579
969946
851835
940055
904927
727686
738521
218922
965609
633443
711888
64986
11673
720820
794285
357159
505715
974561
259399
182857
306894
314103
17181
675389
676949
756391
500729
668628
209296
482407
513075
336774
627781
512693
190374
922350
999914
370462
506633
953768
902442
790061
252899
429883
204303
292788
292663
108592
710617
396056
950501
726039
86992
705926
410833
29201
479659
43235
969695
405214
615558
711335
329062
503789
37374
686207
988323
83324
459639
820198
261727
766274
59571
537367
827995
4944
204498
165456
745866
265895
608940
216645
997319
810816
979229
81770
251927
945934
690454
741601
287669
833412
126473
990688
415115
899769
753393
96427
95976
172079
373514
826155
439280
46864
981197
931883
317948
714266
203877
814607
847312
776970
27745
542934
980335
215687
774068
284249
30343
347716
582306
646811
262284
529766
771847
319692
982632
188955
775264
641469
193547
85512
70436
501003
199822
166614
972871
962879
111224
753033
897315
670324
965335
289491
951663
879315
906952
307147
506784
654532
152981
304332
791788
561779
202842
802127
22196
139063
233436
117699
83421
551939
857241
304374
196818
435841
388069
7552
201507
812411
620249
594875
331484
717357
505646
143127
471535
388974
334202
649574
482759
399315
365791
18608
22600
340254
805717
933343
397052
745843
497624
24266
3967
997651
363607
801997
314156
444122
42845
528123
627415
806769
160952
596877
897923
849403
449571
521911
190083
971322
479747
337784
72314
836704
976581
96948
831117
871469
653042
272593
467801
712119
797193
758778
280355
760754
732171
925668
516124
434488
957780
863801
268370
559331
695603
702247
970644
477292
568068
266774
584610
655820
821143
552233
775070
20999
378611
605026
993976
506196
824681
674381
755053
807672
335451
513334
352108
475267
506349
750666
565201
912508
792788
462863
295714
804819
938910
740640
688268
891076
811533
848230
826733
812213
683400
836882
53842
246388
374955
408643
957694
424213
123478
785192
20544
926515
412211
62262
340567
933015
772643
406952
48831
611325
236334
757320
462486
424968
327422
826135
380690
876028
375376
999221
559148
677179
314821
599717
438061
929545
803665
299729
870310
443167
413788
677800
453563
517343
264762
912552
241669
955972
918119
878517
55110
751208
718474
869000
363581
165594
352191
352874
140275
82545
941389
508112
129424
697368
951112
335921
396733
371135
963695
407508
695064
768850
573290
333226
251920
17894
334623
864425
825758
335017
626162
775383
868010
428010
174679
850790
27950
545073
754733
88354
37588
649958
594891
671852
780828
188864
367786
73708
480920
896228
341623
394816
906110
186882
558080
470364
97441
793209
460080
482071
744429
335091
610522
578262
182128
630532
360445
963033
342822
454229
86257
864374
481656
584248
917651
909282
300188
813039
420842
542807
235763
873611
139144
939581
266251
195797
81050
223258
25988
77802
494501
974538
344399
266755
587624
855878
336972
386794
216672
485086
809956
947616
130187
365640
224756
389667
756598
34606
622775
368828
75725
565611
382028
114018
101347
1450
186714
581534
403537
166031
192020
421734
850434
986776
688412
624168
987181
954928
70775
539212
785841
562023
133936
726221
687951
516027
511740
454269
168307
691010
894229
401392
424571
170973
767188
147258
145777
373581
168955
933341
740271
185474
27683
140596
469487
800843
283178
289456
901070
662722
293840
648683
178959
586507
142482
811566
228066
962495
873887
689342
39272
444449
489505
127207
191726
930663
586035
878248
292273
19585
828487
601077
777585
701298
296425
269399
717988
447262
14333
303500
770496
342457
381419
527570
93288
615812
538807
911215
898497
156665
67289
922754
881952
37579
488861
175543
227557
18481
370820
121960
393588
695631
751
593929
804920
734028
541147
520363
708428
226534
788446
703120
311444
41166
486119
901604
380862
324000
985992
975691
402293
534043
655767
546193
306611
303854
110869
646358
490531
492027
250928
517270
166794
357696
429011
920523
959604
320563
426888
744622
546680
140812
382042
924675
178397
70309
369845
700680
167775
989259
23402
446795
236515
290915
738318
916327
668925
241770
602460
984597
17591
297125
982087
319709
25466
853986
534282
870455
84917
777394
478037
397830
5008
735726
997663
274060
866353
559029
255267
478569
24259
16389
315128
697338
794436
258879
321095
9859
393376
749275
86001
170896
382797
494901
245100
573128
212645
402501
767287
737222
701435
311469
710077
509671
120850
852371
26967
963116
351107
480063
196825
461531
685539
494458
730463
162272
831027
377052
833917
832499
472436
518329
863404
728690
144260
211529
714115
160264
734585
353760
42452
482553
591651
478721
655858
657282
221383
789440
520842
212441
967825
648302
471262
725836
823469
289599
756408
661231
791721
261921
291308
81829
641514
589624
677263
47735
779352
810614
394422
232216
595281
738688
753924
842159
497889
990256
286409
442576
873874
375527
866566
920614
27896
192020
487689
4193
368950
172972
742207
412475
504462
374852
598071
564088
729705
67455
429023
524027
608198
788252
729788
516820
831780
101649
873626
372879
433484
366183
326273
973473
261808
451573
171993
399818
674063
996745
717178
621079
885131
483883
475919
238249
735033
287262
499394
864852
686299
494751
854187
16130
205453
890729
979314
5943
850266
118645
631339
941239
107255
937117
463375
849043
486798
263482
856766
677872
473841
621802
141893
56982
491390
828054
593015
461536
105666
543439
675479
773628
783090
388266
654542
117917
800350
954889
363828
521670
562936
500662
276820
153409
961257
693328
953428
148542
296277
264878
950571
866674
251208
189494
723749
641546
838093
311052
317013
994225
876931
621023
480716
962351
492458
433916
587426
747708
165045
971147
481812
661402
825649
682183
423949
226576
321807
481547
118859
924371
736970
830033
598411
97042
656584
746956
392595
875622
632140
806876
32134
116683
92911
489142
827375
417786
541225
842282
12023
553818
491227
869170
494856
621867
676366
794846
476903
801719
163802
49433
242275
698925
234151
376940
272921
519964
975091
600657
53944
882227
213289
761697
188002
448730
589652
264202
713836
127840
640309
364265
392692
636515
755019
526205
582643
402025
874354
426267
638369
197785
988311
437692
354456
465363
596674
400548
193706
874262
673089
123555
116219
486409
681259
32755
36367
612028
366900
463340
897350
521776
390144
466899
259319
86374
70161
498066
167469
884892
240196
664012
999784
607282
313449
219854
416885
692271
447792
916152
453720
120648
182997
534920
37537
424015
73622
262416
699857
83864
823117
355526
211329
164337
861892
169314
124709
839051
529467
972780
408291
298257
296557
924735
213606
733267
278534
89705
398796
832243
581758
812939
352665
642201
426398
152798
392028
179375
94468
287380
72771
742355
353777
910322
27169
203772
354425
38866
859008
346451
34570
446885
464307
554317
709750
68461
247616
367751
861529
296378
748774
834356
746198
617692
437428
511235
575418
619146
955674
951874
893853
83046
53895
603044
812944
844304
360605
73774
827102
847416
21152
564311
613944
624389
28069
968212
32071
298033
721254
411500
209753
427096
760862
160566
350275
168643
749552
322590
552393
597613
311694
251454
398034
743038
611352
246912
338134
265131
122594
949321
508314
387763
647350
756181
729209
38379
628125
855467
244927
343712
323984
835252
583889
37574
335222
805996
598630
699498
779728
93317
767813
443979
475446
623000
690477
993883
179483
439792
38451
413278
14732
456419
179821
950244
996598
613822
69721
895293
201191
508341
602730
432936
815690
82330
415259
630081
633310
823137
551107
833596
629331
728770
596550
349257
38870
999646
943652
744842
887761
443194
46017
1419
569203
135760
636862
959475
753223
193997
335432
641842
433862
51085
277589
545229
109105
412671
976394
479146
127593
849960
608253
988248
878974
555113
92365
455442
334459
184984
401609
172910
121730
516527
430667
651473
833255
160281
824051
271265
186464
171683
508046
754595
373841
674097
304769
452276
934269
688256
164869
804937
545791
141921
922607
689210
664108
418223
440699
443922
118758
964177
913329
842955
915986
110739
477939
929299
198212
806629
147055
629671
767073
909675
110446
252212
810712
746997
328942
43145
585021
99945
900438
794282
209654
607888
235762
295333
457636
849006
649741
96542
275403
343981
516866
363027
679179
253352
830338
477053
873014
180532
460048
784218
740960
844605
954404
430344
926239
310596
651210
434670
247520
335723
635432
969354
268270
349959
641221
633351
59577
795116
979781
329330
37680
421669
574262
74818
751052
624913
991883
743196
502292
696083
228952
767277
159858
689369
876574
319176
714195
447776
76918
366990
410796
690348
478452
404008
325900
207201
773018
42837
293745
419081
610845
198870
230625
382868
957250
279275
291508
826844
695935
810165
428968
808917
370454
831590
869030
951950
962767
363637
669721
33281
64242
384244
859339
616409
431336
287781
964348
803281
920132
331312
911468
462837
48606
381340
32648
128298
783729
497377
1712
340701
636309
819696
101393
503308
266811
547959
951994
270658
760507
826265
248225
362405
673560
300420
747709
216783
239409
337539
659866
598017
566680
139509
202337
678665
768582
624202
756696
29414
205031
266062
177222
678841
61662
495799
125013
33166
456429
563090
132297
65768
979862
412719
593801
158592
817606
450363
257187
178512
355016
556785
594580
442823
857885
216794
811986
826538
598611
670547
150937
312963
743963
969311
593148
226493
733168
265401
458563
416937
500228
517591
632300
7574
182566
619962
37184
459942
312402
225938
334451
648069
514334
842628
862457
140066
491837
106744
266902
737869
339610
156101
718984
574440
683631
204390
721349
275234
745466
476633
254802
186414
523786
624129
989011
800838
959419
307085
863242
884621
228976
397353
12285
548045
427464
940397
569797
506335
537023
742880
706265
945670
124616
978883
559649
920449
7043
183252
779657
747877
710902
214781
845767
889458
935266
405740
326942
785651
95960
988800
847988
775182
45855
719628
812321
835232
81811
245923
330261
439601
675644
454557
320826
381119
16103
641520
226223
239982
387502
669084
113134
114756
807040
215889
372568
846612
819121
94297
587994
854705
226437
351582
65133
721784
102344
324232
729808
200119
158736
955467
654425
490302
372718
883011
998806
636525
341585
66221
105292
104588
729770
948022
407357
1426
187460
378021
559708
661635
505587
189137
218381
186960
476041
492466
462161
964326
852585
395872
300419
707792
63493
63312
733872
436315
470951
307561
678836
294705
267503
382402
815083
797461
762017
336014
233738
987766
255836
370180
133940
985937
815948
675836
812580
297724
591436
380509
705950
173480
420399
634435
249081
880237
68455
707011
119806
361853
711406
881966
909924
824771
111382
186975
123342
971427
178554
720848
426874
98487
303298
838879
387648
36917
483589
405154
214315
905144
59561
40898
797903
110638
954903
2087
220843
720054
69607
360281
796210
740253
679937
280942
118449
544314
892284
777282
884741
435841
833344
639326
793929
485046
9069
712369
386767
370214
250831
132120
574568
113092
714717
961722
958633
666758
286916
255537
93773
175577
456329
373569
147520
20679
679419
256833
82197
147998
619528
856700
497819
572389
484295
389600
656043
798970
304391
102530
323228
405856
141537
715284
866628
410466
333935
223393
282161
780117
386141
763444
373885
547395
594461
362261
320844
218728
27745
606437
111414
302568
819705
212888
381453
879795
588335
678665
721780
756583
99727
304410
511938
208324
409517
976127
358163
986894
720623
850731
659656
732978
119132
108988
172096
336288
422646
942553
482702
10943
281617
47991
436906
808250
801962
868698
970856
147439
647267
305007
792600
395139
375242
393424
532290
20516
662693
718615
540332
864841
776495
887702
472701
327153
808039
977597
263223
32556
661955
314980
470306
833234
886111
508311
305157
826570
161572
205743
733119
757872
604407
376404
800364
520363
134577
920210
14201
51621
663068
408923
13922
348134
61789
694807
556092
438479
90134
829829
726997
346773
138794
195596
337364
483198
750022
320084
280486
674569
21793
560615
702266
618248
791999
562891
676876
845398
721886
203136
568692
18894
302453
15306
832515
286878
343749
969137
930173
450197
578123
859409
671120
381928
721089
594817
294418
726358
246999
829330
254230
685434
513992
793767
33859
220656
929422
884871
555447
321156
2174
718473
362983
943344
253996
508132
802698
658785
633407
987078
802690
65240
821237
736427
536352
246984
367761
943910
543716
406297
142450
912998
660964
635529
996065
331045
79118
331357
672161
536392
804498
158081
904901
88214
840134
699326
799477
520065
241285
966916
210636
569670
340190
997423
67096
635682
483619
611842
791468
69151
508609
558700
946236
906742
401751
237831
509131
177879
478582
808933
211575
243573
393188
39309
830872
165557
83210
818034
332393
666413
689589
953816
137482
270633
708940
41545
324372
50198
363166
703706
234644
513631
957486
29311
191143
442835
974413
201781
972509
406131
775301
51338
425441
658191
89079
25244
422413
718037
323977
44909
36822
25624
84713
132068
759789
287035
885389
22392
226213
889878
765734
244860
858808
706716
522234
95781
137139
698251
310854
359527
616975
613597
47554
571855
79274
286423
987829
649532
196823
208321
96131
150945
242066
279943
887879
631242
697088
592626
736147
122648
194466
365333
655765
831847
247160
481174
111238
593439
401405
552896
821390
358588
156304
856167
61101
203963
578436
452741
874916
706450
543107
172658
533060
497908
953077
16219
669784
861257
820788
793827
867508
89715
404668
156850
86650
256060
520453
437948
716899
44958
14154
157996
146132
420916
197087
552639
440969
435104
771022
798969
919394
229689
581994
696980
310134
857458
56668
686883
652988
492153
720627
208373
744499
821435
51825
368528
497993
265730
566152
658586
117697
293928
400230
414650
113385
668366
386834
862197
362766
369365
301528
818491
199682
162559
389233
490666
731526
984176
703494
731063
711336
250256
159421
666610
579455
830721
416973
767565
94919
269329
880871
265338
974776
142342
786485
862524
405084
514570
800360
34529
263523
819056
15301
925619
561382
219585
82171
57955
461568
442500
365832
355866
326411
30762
16086
535456
490137
89091
234516
808705
809405
480378
526094
328894
823064
491981
534940
478716
429265
623221
64445
232621
72077
25204
913769
560113
307128
439521
269613
467027
400636
187565
71122
477821
1011
826724
216941
465011
427374
749116
860348
943835
343650
3652
697171
623787
456926
489708
901728
886767
899558
932766
720783
328192
458977
506944
160454
826866
218466
929759
364965
216724
205565
399951
311305
324465
629669
974439
155296
357826
372230
245761
740753
716744
795465
362807
405604
731457
210341
176672
721814
475837
621720
247492
327204
169794
605923
539827
637764
170731
409770
302157
262652
700943
954595
74338
127936
196095
326195
215250
99322
60828
302720
276649
682095
143038
365708
969398
774606
990955
631620
141411
519502
930024
987197
895035
797190
823561
994736
763023
554569
586518
514182
300266
877824
770674
456855
862064
873077
887673
208254
73749
88192
279901
430038
161215
421275
875207
647738
33313
447948
797321
52647
676865
544721
667857
673710
950283
477657
286626
715864
415438
604556
864142
701590
117959
49341
893702
706368
667589
145975
270889
638969
52389
816519
217126
204330
78778
996986
652851
998909
414610
612081
747609
552658
941299
235088
691930
52885
525694
465027
173177
796413
700734
175363
368923
28632
909475
306036
411956
980594
498874
405519
536379
425568
142498
7063
430671
589989
685513
421734
538064
494090
916759
131548
134567
816543
623123
603757
348699
804904
628011
659583
873188
47709
781257
108503
857049
620731
990867
996268
396526
83502
71652
758474
596096
475048
151703
771725
417343
110488
610332
154647
435970
961216
521295
297665
287981
387689
609628
53052
498437
240193
81392
58101
683789
932400
900868
510060
826192
186171
232852
280743
600328
233177
667617
423510
145845
406878
347762
460819
417796
162743
329670
875072
400420
598879
63870
690494
263665
815347
159623
113872
595340
828135
16939
784760
413308
951079
136686
112169
901282
362189
145069
488628
8428
93948
746515
370993
887967
622732
918796
500630
944390
101002
921176
56937
224841
675933
851716
654093
380117
196533
79977
610886
177791
432822
428640
360343
957957
48442
279731
685279
755433
393111
151749
336941
486018
453063
812141
638575
414183
333253
749934
719244
531712
590270
196316
843911
818244
813152
722515
885046
102823
612459
406071
753506
268786
755835
295714
709712
351179
538982
344476
1197
66030
640512
558781
513224
24058
41878
32239
822553
248592
41847
16359
660675
209751
729266
711873
725332
866385
346899
44673
634277
776226
959499
86157
652638
186506
486052
771360
407566
785653
52205
207306
846913
5970
425410
712196
121494
82565
1594
112320
245015
550829
985513
92761
387254
199729
442911
160364
512928
278091
274842
159001
22144
703341
674679
169617
763222
265053
656490
937913
662478
107953
997383
873883
589202
770061
702491
848044
491482
531561
493509
923367
296767
979375
32694
279203
270316
332587
644341
639351
118309
916727
283688
761801
966814
73035
855707
999133
752545
985341
708182
628415
539220
285864
47843
875418
790015
636575
66368
133689
851142
689678
953815
383469
456040
215024
538174
843382
269155
690132
666458
299672
631246
116834
358959
729360
225919
234960
275528
906766
294339
16140
761077
814576
919361
348350
144773
293842
372645
63957
589861
400506
362454
960421
492918
93340
482977
644510
654991
879304
198275
968836
463015
872566
198728
485916
476797
883852
51493
822140
791410
913932
288663
665279
591980
61156
700152
298190
520575
915899
838678
322692
994325
67980
20502
566083
939294
225759
289903
704286
603393
482366
482903
66289
79218
575710
204807
491384
877791
200640
958195
221218
648567
935295
7561
241006
819515
546745
731689
497255
241739
16125
35722
162331
651992
759217
915829
879319
27869
168911
987380
384459
396820
740837
902803
390315
891879
898165
251215
332659
422849
956990
104803
890356
178308
986558
666505
823500
796126
150954
992362
24451
771251
268751
975920
13664
920356
107861
360084
852377
232943
423630
606032
392888
524915
43754
824357
390742
119083
764219
438766
598425
531093
322190
789002
24795
390719
896166
921616
946547
707107
108008
502575
506319
50535
288504
205244
226061
308585
256413
374939
43982
745629
254558
994166
479428
93573
205218
420935
813823
99397
576150
449544
209045
199785
889075
555441
70069
961877
20909
792670
689362
376660
726746
476763
920283
600922
300311
223567
839960
975964
545960
44294
743879
95838
595202
391163
420338
922015
905098
381543
179319
840604
635880
929864
144130
606288
646954
417081
582872
115590
465439
511884
678576
280989
677032
213672
870565
144654
437920
455520
394514
62369
897309
229765
695032
918788
706901
176651
162842
96896
946142
607751
980238
337975
445546
674021
455268
792057
895954
689819
939588
899681
305688
798479
500373
268422
342567
224938
836744
245413
171414
272132
270399
350775
383526
149444
913480
366041
91696
295471
629849
483446
827495
398907
105228
162061
386974
108817
63899
928659
602757
940393
392475
356786
316190
59031
22792
486569
740107
101931
894985
468394
363643
563241
67771
761794
493886
319950
105844
661081
159113
858406
684824
693635
134621
625628
983626
816031
280059
578868
844360
665827
697752
547573
973499
89698
701318
13602
128170
16503
505094
620896
411912
559891
455557
360702
519383
180238
589220
361756
184498
299415
146843
418707
756822
11382
245634
391575
953164
362529
320049
932696
492076
61545
813594
376625
745834
721235
330418
247644
355762
713980
443683
586360
211145
146433
280440
12360
438857
113728
48681
167801
380392
393209
795335
424391
625671
774780
854028
683505
350334
820067
893743
909600
676912
594161
965159
67069
903011
748639
976856
189698
954496
757687
151185
912833
712489
453436
7064
406819
204116
683316
607902
935377
453527
660452
276297
346326
867318
715366
807827
509610
823406
828952
774585
827310
981681
756536
670920
433701
215727
292510
60966
14860
845899
404520
196908
444781
543783
543396
711733
748979
275964
446152
388575
561303
501100
558657
875091
982092
459328
754412
765128
26134
368099
86738
196668
70417
125805
732223
15718
480914
326311
240267
396908
974042
997173
451897
375414
14887
125402
573611
79249
386365
251834
550180
119422
900379
863288
63087
927053
435625
46538
756254
166056
152270
585921
53214
307652
879591
974135
653671
154942
530286
390840
284145
443431
649002
704432
907098
524169
240589
727415
573429
732770
186228
954679
720856
48583
387120
626701
589516
507701
272648
366869
738648
21124
173342
665146
424923
500575
941578
830930
942472
760117
961460
568918
353718
558543
633163
286085
363640
407614
558898
499403
241034
692583
963439
57033
579911
47406
520771
225483
561522
376861
351871
337296
40160
16004
832266
584467
879207
124581
279975
518986
231628
905900
66297
861110
942958
758081
138211
686390
584681
167630
999506
972931
259763
463782
459151
740213
796132
405643
713607
640078
122304
676694
831986
299970
944585
432694
409290
39289
587793
74548
946789
743924
369857
898475
516316
794029
831822
478203
26473
489149
793454
840416
196163
536675
633947
252852
370249
888693
568188
818051
2508
693644
491043
883635
854435
928499
262402
387101
290021
590690
999901
759626
14782
243637
7925
545364
943410
453083
702370
841766
769077
841573
170739
439771
136345
384204
544292
813155
929585
319622
939472
62405
123820
946125
463782
514226
401957
294387
369249
883027
521726
537033
394887
950676
370585
222888
267013
366634
133850
362875
149421
928625
829898
788292
59353
106784
149198
434426
222785
419329
536985
547506
444987
868908
451495
685985
558845
84872
832927
593622
201446
182558
857924
8231
704418
6625
808605
573071
989112
247520
335566
715263
585727
549833
975275
515531
375688
825928
631763
724682
347137
470587
941046
584040
590259
481018
298517
519592
306781
825489
591464
33432
708533
992866
791246
782678
104175
979715
925710
377119
69453
32446
178704
445070
541693
25748
9518
5432
728268
207561
13491
776498
454749
222930
471709
273103
662277
407673
81598
58258
184847
647066
593328
379183
262853
969410
74592
326824
875096
99668
316690
199579
370966
560459
709480
653461
859617
468042
436195
600541
743340
836832
459021
433998
876220
150256
823613
660901
372471
866924
849171
202941
696015
863130
787596
661449
526152
35547
230553
557417
34134
136753
570505
661833
720769
642063
37296
878964
282469
65628
545194
978449
97499
688999
809263
674966
688374
434385
890234
901277
831714
420978
672649
526597
92516
165118
394120
543223
273224
18552
549127
826397
234566
143759
567315
802484
488689
477466
95152
716154
937195
874478
425575
36583
757343
111145
260740
894569
186832
83983
148804
196166
357364
302642
400976
254194
243909
351659
316763
847295
672579
102036
73710
628441
435816
76875
576286
722893
247820
16226
13330
281993
212556
611358
404200
187165
926156
870306
283227
161737
378102
182397
96009
271214
612333
933177
278456
340376
149688
311754
232423
743780
524144
594779
75370
531176
842819
795480
654180
17873
17101
758309
606368
29827
531499
951465
410138
562315
197629
768004
275661
948195
991207
764395
234468
886552
576181
131559
925858
144788
596413
761871
855828
97808
953997
515967
515403
828037
614917
940828
844728
491538
585935
496552
473305
411034
518055
829973
764861
629319
416606
321183
460340
830155
508847
821809
109999
882720
848251
515139
184812
205056
459383
236938
880125
477365
66129
496828
996165
413788
844277
193656
678783
658316
420835
500530
211214
884333
58773
247482
898218
716051
746861
9557
515400
662662
718087
938091
899660
261757
782834
591719
325477
607423
148826
835252
93237
321292
51242
498685
700196
382693
303851
410682
475251
529105
654102
641828
242019
772752
758682
79372
490183
946546
445915
589360
445569
726601
280574
51767
50573
803441
956357
43031
117498
455040
700631
217285
170015
767442
252570
847410
817612
849355
464861
140020
942809
182599
654534
960729
752581
468240
291786
389073
538398
86739
846873
973503
191210
348348
822296
848806
469530
716686
466610
699615
264238
933916
11612
358400
640157
640990
688746
84283
961791
492196
283816
15496
582398
621759
680168
174294
248082
483954
146090
745228
851484
800350
47299
178138
475641
492094
42860
283885
763381
826096
564005
707115
700296
476522
719291
555476
531918
102902
533679
133258
73327
319606
259064
529873
390506
415447
113047
625860
218673
854182
263153
42769
468141
814934
805121
835629
390735
824815
344309
730571
30200
793678
114860
383971
252301
523053
226227
187434
191602
458559
53486
284639
312281
158738
256869
686981
363221
625217
776031
175937
419420
381941
72185
327902
502028
498082
141566
773927
220806
753896
479470
260405
701239
875704
396717
270529
162993
380342
368868
729672
778826
626538
500434
495158
438698
366969
607024
32753
301075
517253
831622
534516
263515
234214
418656
126991
912423
343779
151126
162354
4770
937421
719825
550885
933652
714735
725696
869539
978584
678438
230934
522409
937574
767548
463928
504460
181415
266012
967992
565167
414663
559477
762837
534778
828784
384859
887453
779358
700662
868919
518560
723787
336592
767108
42927
922369
54013
666803
415871
578082
299393
924832
601338
792928
143029
573525
178524
267994
95146
798681
461585
23095
231047
203802
936100
848216
977461
405161
20560
273975
32365
419977
242919
513261
904016
323913
839333
3871
552606
163743
570688
310882
893775
656347
576626
431733
224188
716878
288973
206315
405850
908319
577165
54062
300939
953544
246175
641159
89258
102050
929273
90078
785441
389837
68609
762963
265565
306276
639079
527775
128501
610686
206401
315040
675320
688674
807964
22607
562253
959896
572296
770783
344379
140881
345379
760900
206669
215998
343117
672700
907702
503970
800941
541677
23869
344772
123485
293643
365841
431036
357683
753444
285408
318705
207556
676166
43338
963578
892642
626578
464810
424312
116898
825680
468409
969667
281433
127321
370924
440156
941271
334037
999766
694405
800244
125975
897268
561588
263970
992427
289086
806991
561674
19745
978316
972622
614490
15917
86627
493746
410120
819793
215786
521017
458699
346718
472652
342720
597887
822392
166285
39593
710291
129213
328773
993062
864999
375694
466245
474920
627212
857037
751038
781127
253661
926475
810909
133963
742870
880949
150520
905304
102595
485296
301188
39936
174309
935972
987345
952872
186983
883908
825529
600508
248188
97268
440582
984712
896499
715306
953522
534680
890271
106418
829066
757490
676926
644691
283768
279081
635265
323263
267209
77978
700110
858709
310619
900062
431227
653202
865026
730455
872513
780688
652722
874912
636422
675795
763061
895683
844382
821173
920850
973672
736334
857768
430580
488724
639553
855954
593349
872425
344740
171969
949360
382922
890185
327831
14585
59636
995078
663592
455590
58660
431207
353759
35089
58985
77013
505901
518835
818013
186032
985589
871694
985350
27963
869979
999729
340259
858087
820473
481747
974968
550493
496451
847002
18199
931986
486126
117571
86495
193870
201891
369623
211557
883657
136461
755668
856578
111689
678574
751315
281257
300507
984730
779716
811745
187376
853481
962379
27160
820721
74155
637239
887795
5514
760935
767698
941909
415022
940134
186911
888570
339296
352962
230020
514770
554775
553448
106743
827882
923061
922461
964017
671951
237011
950513
43018
241540
283757
846495
409367
323632
670018
254568
145607
330842
316279
170471
560000
902992
662373
370779
257426
104542
105055
148733
911885
728808
403779
498601
304059
523241
217839
233048
873150
734
377877
746357
364186
18304
327599
157687
518044
245174
605167
555800
492245
656796
554475
708313
360180
69669
278449
348580
611856
654651
362212
481564
770708
155053
123708
791848
701819
902135
192065
443245
773494
517124
496104
346855
56102
658879
272075
375236
212095
203397
303760
312234
615047
600146
200756
364714
702254
755548
341285
402781
237065
951668
971590
334005
358832
964405
510475
14884
308460
537304
78389
235381
17557
671948
707404
721345
273546
181932
221447
942300
559640
633501
863111
211222
508072
61396
920532
57117
991268
743386
739358
844376
456027
272017
33183
824979
130186
248577
601445
225802
103214
104044
775372
94604
108011
927435
816798
721396
670568
246652
346496
798893
409616
594394
761100
634671
875996
426432
671784
741764
839886
706508
152947
843041
235599
787056
92614
572353
633320
294059
83545
52630
653446
654648
58818
703687
903412
914961
559729
472191
983656
201612
6992
590171
766444
841484
336554
629530
339343
921040
644919
216699
768246
227877
180012
257980
670072
754513
804615
871928
692699
578725
470912
665776
532779
178004
875141
279239
437200
440446
237718
767828
40674
543782
581195
941117
402972
872116
289148
7188
690494
500591
534646
116188
767097
916826
106615
722669
140502
370081
553541
192831
78298
991102
552063
129373
39991
944360
216762
349323
849981
837419
248541
970514
695586
287702
502379
297637
211704
443670
698853
71773
700484
774870
643890
596536
224229
123443
821865
483513
649822
779164
530913
489309
163465
772297
606599
631535
718702
135227
79535
472483
935088
167726
10947
913676
188958
744806
2396
834061
794305
64313
64901
477365
976575
468075
319738
213320
714170
750613
377398
492400
833741
748788
770001
828940
71069
680580
891446
93521
177841
258459
2209
398175
797429
769904
783899
308970
434246
212910
62269
927050
789395
956412
864290
714104
370609
913956
221412
490020
151172
663719
691385
253174
147418
499655
637423
837237
807932
878617
896622
657798
712890
848471
687917
168598
125607
655206
880350
157206
729862
75849
69812
695913
438614
992593
129816
723218
438150
86126
920273
678057
805480
197992
897076
922002
727915
198368
281791
458669
887540
43365
870530
555021
227908
951625
207698
661948
577329
251284
775551
663167
397021
813274
684289
109323
890979
104472
547641
140944
448399
663519
331862
208246
682875
263527
835870
161654
432445
609803
539377
534082
941036
198625
114799
849907
958349
896767
286048
77057
778096
993528
609888
154345
843370
420603
408093
158444
745513
664023
574383
671364
444892
631004
479967
333643
767505
547947
194920
249691
552382
409636
796817
694530
816490
770246
548634
566026
494644
850922
168509
859456
433169
264063
586254
503576
552400
739133
365472
596466
332162
337622
73748
88145
856986
915162
92722
463805
627994
316727
789270
940549
703067
657036
310841
71509
666459
363987
42718
689489
606575
660143
571280
568835
52818
178398
761945
555588
498638
196302
788269
744539
230989
912730
972689
365183
162115
555210
530741
690458
886831
311176
488517
581546
389392
927503
485041
323600
523820
766038
22631
551553
368427
475524
212864
187910
790858
719737
735097
57447
488615
456110
708708
864124
529651
597246
437091
436156
98838
909092
547275
4567
53044
244070
288011
982775
747158
605871
603659
479517
865888
666193
841809
90121
84926
664354
427750
372701
896458
720938
725645
592918
927628
479698
359199
595740
319159
291504
66995
82983
930659
394715
380413
704812
218156
392946
24583
540923
960225
839459
522424
97560
666814
603682
424024
490155
517946
506446
362117
144208
279237
194141
550818
20723
512269
496083
779184
964121
927915
332939
611351
453187
260638
266350
677299
497475
115414
791048
236808
116981
853435
651389
816398
241479
438269
635659
675411
702993
914013
175606
251578
521504
687638
508036
995169
916716
348743
383043
129010
449783
394031
213398
702301
706166
896773
926185
750394
787729
42308
515936
669790
167869
161319
714046
884874
772734
758398
228344
166010
344576
332579
506268
280952
596224
586
912803
75127
519954
996968
958166
210833
626992
675936
769114
108991
288371
268171
271036
665762
662332
146367
575743
924491
631965
972589
282711
513292
459178
789069
870826
580847
472573
775081
45282
526063
548464
132422
912697
698084
682680
940454
680056
696552
868140
101256
343332
10920
337389
891996
574211
663386
63736
574241
893097
751581
68536
850404
789333
392191
400127
281394
911518
440551
742423
614781
888860
477578
104094
51127
986296
216022
324211
981961
259683
562777
614529
553976
421596
790816
714930
391203
402536
409521
655590
984054
886687
489824
551086
128422
596475
93191
267850
569532
117268
591491
442271
827389
804673
646872
933459
409821
154399
373656
888733
64940
681908
232832
713556
899890
239690
847046
168728
563044
68530
581073
879657
921051
150500
148994
814595
882634
411397
2009
865462
52780
455130
965450
906825
522462
139113
753925
491509
291542
895588
151117
307000
20761
137145
925775
322314
150326
864232
925552
123337
998366
117747
282012
704138
556518
730703
637325
156680
78976
860313
708502
501220
665937
596788
108837
810104
275594
9700
997245
799315
567309
909439
1170
961941
741714
363195
712468
877588
864152
245928
471326
599845
751685
351257
791817
563397
289983
500186
633483
592649
396724
722794
353745
679227
837951
645636
981414
837102
761374
282659
905837
667005
367469
227394
980954
158175
279792
897226
778664
632265
288070
745485
499410
764483
562041
883306
145948
989096
714703
130764
603085
764471
227670
326329
434138
606543
438855
586519
524573
234356
187138
835641
273183
858097
166321
171287
278258
595426
371261
737915
395132
258145
735181
632171
485429
606150
124633
734109
48356
432735
446433
163023
459733
103648
351077
601043
562545
16704
214970
958124
499129
739421
27492
605605
673271
695246
980019
659528
632329
345854
887008
917742
94809
15166
701840
55040
775658
242839
913239
457816
616016
779598
315464
673841
370590
747991
784425
294572
686462
809642
212407
248031
92652
389248
559624
921859
58644
607393
177767
360939
149209
835280
708668
485444
556991
987025
222791
986813
16616
356967
53418
305629
455499
54107
421962
41550
206485
712306
309921
847094
263224
8016
688832
510419
796328
707470
699394
624253
940488
118319
406280
196254
11608
328332
530536
398624
698546
883215
964575
640405
104195
259620
746487
424071
571570
816582
554571
308759
136543
812986
176807
426514
892231
529946
13526
706428
51356
770597
638203
466530
650743
776609
127539
687266
583298
417480
87258
826513
472161
907458
557233
858124
152314
83694
744282
588419
607819
751404
472303
642835
867356
846508
479440
623810
904216
278159
55718
267180
164864
653114
780649
304833
186253
527020
269823
653639
408052
15995
307304
362897
871626
192556
664278
973512
981114
605950
374705
971285
919325
946586
549717
394040
26679
521837
711153
308529
407542
45533
561206
379451
995372
751484
482958
571366
134942
23255
492017
757368
603101
354800
892222
649187
644142
301640
290953
645849
624679
197971
618049
446361
977348
364752
285366
251323
191658
646732
993905
144445
291520
737050
17254
494004
907775
487062
92198
533221
184025
382145
561213
394903
147134
483235
821674
907658
209663
295825
830772
167316
358281
406026
734097
927315
606056
5525
173532
995765
61590
67969
483704
265367
686778
408163
505769
556578
497862
887914
786281
836344
710247
879235
343579
436922
562819
773727
284253
884836
287271
868277
350343
742808
745174
659842
940017
241845
551277
259309
439246
351688
275217
865457
451813
611114
382641
619557
44769
461528
586362
549534
714734
834675
952157
85777
908519
315769
493861
930363
534078
705047
728579
44682
612464
242403
202898
610281
639026
40891
881291
952492
136582
435416
372545
300269
541741
423631
701554
608325
918118
228130
982530
474483
940263
204432
264406
947133
246107
960538
676592
1375
173177
134117
58166
950121
337510
926498
589135
595921
699839
242999
719645
584047
110235
301688
401198
16579
702012
403276
330537
775544
493554
399530
517253
290919
681089
343556
954089
302577
97812
79821
806091
895523
359645
753230
221046
142354
203095
643586
307078
738550
286902
513843
810006
253540
320383
87735
667306
997499
294716
25253
609661
990267
28993
164366
845696
350043
354072
56314
199101
346507
400494
292107
796830
902396
441588
542947
37167
11509
82022
699
430343
167555
741402
280908
413039
780546
30826
255011
130919
774828
879841
516207
777568
209908
967116
701029
519474
202445
918612
23054
548543
531070
843686
603846
937860
716607
516841
377371
862938
746175
18503
6506
347411
873231
13062
783322
35323
515471
360407
428573
945955
392708
175385
990972
674011
917043
218235
244591
828362
953362
21336
555119
505143
410176
40157
735155
442522
465900
418478
928481
959788
365905
442674
687068
425594
688985
142714
656848
490289
341781
697719
334130
644677
625178
693256
249477
399436
872616
931442
376388
911525
996838
441559
134918
689720
924938
809755
793195
892693
243167
626095
480611
69766
320121
123379
174240
194539
902452
295655
554033
791201
369631
479088
332737
466708
947647
550941
733809
431583
685547
254039
36254
638288
628792
337530
241148
87671
630506
76536
793193
77563
642363
602875
155091
698156
153433
359244
766746
549266
995516
845785
299510
376158
820912
829836
53154
332565
762262
958968
145429
699132
698750
579249
757417
758441
38991
793467
959181
877495
364308
879167
527128
726935
798333
58437
45044
603136
737354
908026
463895
472725
13235
10523
80459
165135
605692
568832
621851
961739
377187
884144
222547
112368
691554
782211
624049
822058
181931
167354
876597
341344
855704
994612
280068
639073
430545
637468
760337
992461
568426
154249
471960
777896
61676
536509
172225
949046
90072
76321
990680
635293
239788
388574
177653
50884
898538
944250
451471
368871
26623
739543
763885
357609
777038
675108
894168
703062
390724
534128
882692
927182
632756
15115
183214
369419
434657
936083
699088
610850
555444
525027
862198
103000
923725
144461
295203
308315
844760
65432
689019
887151
685286
162117
540287
975536
736104
998407
680318
315716
214401
532246
830949
432397
336953
84702
127620
524745
869385
774549
930192
678677
849156
974552
712644
135009
369950
624690
189462
994100
497401
265404
545556
42143
920947
209046
24810
571870
710011
331313
677454
693006
176360
971293
636485
815022
5472
516443
397177
694834
431017
508214
610636
710996
726585
829044
412578
218040
881607
469191
222506
892277
233817
972508
837656
674012
533942
327122
972388
89536
420458
406494
759519
576023
349998
138131
128798
688611
444368
143876
42925
324370
526112
373218
827706
13801
384613
158150
945172
896118
372845
527083
582371
777311
125988
601181
60427
65337
127333
487669
895200
858344
150418
512574
90088
831475
170584
584554
31234
205194
71449
339693
944602
191515
545000
825136
912280
189844
686510
381252
722158
255826
371534
74602
521374
186952
41379
217633
181003
978123
751220
839045
169148
497736
502222
297508
424640
446709
2429
870604
466879
994149
112844
113053
652961
767194
633047
29364
875380
19884
578230
814983
997432
56104
275886
708805
254573
152122
60212
693813
654689
960353
925971
659918
925488
401552
597054
685242
760493
419272
209965
233666
374608
308108
365971
945190
704745
93908
90838
902292
879881
175980
196098
584021
878319
2565
364983
417062
18394
383836
709134
849646
163756
422070
544345
113324
227618
304834
215850
405648
834393
40996
232723
683348
335283
875895
28913
863290
910308
684078
903258
203249
247377
266807
165925
395174
434486
666350
63215
322324
789413
417152
511297
83559
578903
980985
152535
301504
33024
432663
381602
637743
967758
76617
164222
22143
308115
962489
96203
252659
113905
937927
897480
177235
500208
715004
593504
674732
404517
547519
958616
604175
163291
212159
352847
991286
643364
577620
110107
121533
440379
731023
883076
266191
759584
336930
334765
291871
777175
136025
821007
907169
926633
580887
29861
248435
938633
966558
246535
569114
142
782957
75118
95661
893868
711982
165811
472956
879683
859986
128849
421716
721801
679695
239923
251081
126996
146465
398134
145898
808071
241822
743726
817983
932024
620534
301748
264509
253171
532218
427943
308785
308125
998831
898698
55908
592412
857838
427398
828455
219133
337784
690529
958774
640267
187189
609210
610994
193467
205706
422203
647146
514771
83445
786993
200563
864300
323066
804180
791667
672086
360932
40604
435464
789804
807564
657440
618516
87022
561101
975704
341081
853800
806144
843551
655810
552182
67703
133347
519344
524688
347829
483450
991871
436585
310797
917080
259961
259286
709299
391508
960528
144041
45330
343485
392605
378290
449345
355506
415731
942196
132419
641822
849469
811324
538891
878528
661054
795104
600108
229425
14006
212093
689985
265371
659239
325312
15241
871716
194387
77968
70206
483912
362753
55898
359222
899176
979165
673324
78172
60998
878407
638543
667847
198355
807807
752284
751347
382753
707390
860628
668979
319960
820219
304043
679099
160812
486664
842528
531755
454300
937065
802723
1976
498831
498466
985681
627143
212842
166651
733784
192422
947748
711743
912658
892022
124345
334324
490258
832658
173581
272668
852420
987639
505042
786776
84663
532215
378195
170945
667045
948121
894535
136360
506191
460616
411294
274450
990688
425916
562576
779447
967855
709959
590994
46801
757157
958360
686600
748064
734523
847658
610711
40790
729419
903248
675893
435492
700342
571361
551661
695172
512515
821135
775456
874199
392814
336072
943158
53133
930770
118253
521155
538425
620852
187764
16976
767810
580859
706289
837429
93945
555418
808260
787385
163584
834180
283917
569825
123956
633879
952951
355110
181420
555196
599863
26867
622760
313022
45894
881261
752345
326755
718391
669208
967835
360700
686105
6431
515245
29130
875518
428782
156090
72367
214382
100483
823457
206388
987858
266613
321560
526295
291719
620155
669219
771876
255915
485191
939456
750085
648418
24463
495863
254033
589745
999786
665478
461070
777232
151997
864695
964384
777325
242804
459450
864547
364400
699528
596826
181514
414556
626267
498814
846295
679177
457976
319811
687948
620759
519719
400185
779614
975495
259616
314737
771302
474612
514339
436158
82168
198609
169525
181501
106738
922890
338782
759698
604227
935137
314599
118336
774643
637982
168212
129938
907390
596616
885083
546187
35641
930061
225264
270876
501717
284737
266418
399393
384462
355886
510104
788418
149189
650670
963292
651191
834823
108647
216512
521408
412750
331380
963148
545855
349441
621835
891879
308739
732671
222624
452988
568896
822417
75060
681232
417307
445820
931304
351191
402522
45669
650822
58890
294555
328419
239112
945123
985678
646750
458677
296062
884524
439181
304927
35721
326251
72294
16809
538693
477767
267245
635152
381778
897651
309508
60971
777084
953205
448138
559217
909555
292748
187548
236820
177278
313918
600995
61720
107424
305255
781241
924126
213945
619092
161601
343171
260595
761953
651593
39901
795479
770751
438321
408092
697596
238706
400628
172422
104219
126632
501799
312204
18012
259075
292555
809243
188222
579486
934322
439715
350112
696363
498900
739659
435701
568293
911070
327208
47308
878287
862180
935741
939261
468322
562959
102406
874030
328014
940824
345921
414252
944649
79632
564080
654435
166123
497504
71268
774061
147725
551151
293646
561459
945140
523659
336939
684882
79741
118236
959484
709104
91604
354948
519959
423482
67007
603467
151769
477411
190170
425495
249352
143705
36259
429610
668649
47463
60133
733244
255766
220930
211736
296303
163801
952837
946758
144365
215141
688440
925073
782605
460962
64281
178174
251598
304585
905614
461518
770464
642756
316005
323134
619561
568509
505100
253638
342940
229152
654806
225766
899494
479218
354584
277667
601057
375155
147374
290529
476531
268504
738531
207816
664463
37837
916448
43879
24551
705471
216190
740308
973590
489553
593127
308736
586792
652
644462
511637
894822
387230
270449
293675
574834
427651
667627
204427
545196
846853
522512
520809
384242
70896
570714
759533
699463
617764
913686
794670
162023
831754
769229
94420
619879
503200
564151
348960
629291
455102
365227
365577
657857
631434
760772
898861
761857
874622
138144
606660
516698
46214
306474
573665
562215
617434
58566
524257
135858
355631
286612
607819
118245
357347
914077
339609
259782
855370
197429
228013
637134
960864
918553
827318
888110
625251
929563
389810
167465
531217
239739
121021
969097
587278
928636
889340
278022
23112
224695
431200
894395
408856
965358
903943
48844
974459
728651
551751
580856
436673
339119
200169
348166
781280
360043
919609
183837
554674
11953
88411
518336
728093
642988
35715
776493
973873
123806
700487
274458
678479
68167
255745
650868
482217
575448
319816
831391
929147
754084
315527
249097
609496
881913
303401
17952
235716
972870
468724
116858
495295
297244
600655
411539
429543
108286
783332
686216
987223
290407
996188
332073
362336
708331
968721
141320
642214
812586
981956
871082
138904
170786
86396
97938
855372
437676
598790
999889
728281
257306
635371
336594
298933
380652
678119
200304
79598
70109
796951
369152
218083
602572
661760
991863
811471
345059
73955
189912
900963
696347
580997
191601
392270
915902
165845
164901
816880
13993
835719
735469
483569
986669
683896
646760
499794
543950
130223
414954
780159
412679
229533
567723
243401
376137
294332
938108
247421
535383
434114
959434
69620
202777
746844
311120
130482
242185
789917
75904
234074
194615
42844
654699
489447
829658
489751
554705
740158
765019
287275
218988
301156
937033
36594
841523
947519
188546
194211
541375
360270
286550
84816
924486
381332
775898
224605
403464
311151
218266
831026
277226
275455
323820
544847
486679
146860
39114
285259
793424
215603
856313
514298
400326
422745
19505
922160
410609
487903
252663
32027
61669
249472
465468
537032
67307
383732
218120
351305
244431
853971
670337
613052
615127
763456
194673
904974
480337
126672
707170
143647
316208
639754
232214
275633
397701
109530
961605
647996
596448
405400
544483
691658
11750
821710
24573
67768
796260
600947
459555
333385
443268
168459
65240
339714
763124
794471
741196
293350
35319
933546
86816
701373
263970
228568
805310
250326
862218
16822
531315
206126
360526
379028
184762
788939
180598
145787
544093
499019
86984
465154
706248
824977
459303
263727
834956
636229
996922
253415
234444
781077
243032
676841
479873
618724
405207
204150
511568
998298
254062
828924
195781
354631
440608
125305
574537
366148
817037
264543
590721
965021
346182
17660
467298
306965
903731
940287
642510
704248
817009
722805
482486
60116
837850
548554
191367
278698
548635
318096
964422
677293
974365
929451
545417
16724
584650
942095
784568
262276
473518
963807
392697
167765
498090
879509
960904
766823
626564
563883
89271
590074
918896
286389
534293
88941
58471
508281
50308
224172
428471
894374
737755
310609
532227
903679
409416
43112
382381
397000
698674
659083
10052
998383
331289
620811
793579
991628
399300
179238
88725
921355
363669
66165
11021
727287
387533
163987
919431
675222
996883
833344
562372
891727
777803
105610
246900
372926
162662
837636
194525
660269
410984
302921
258306
275059
748689
381368
841931
624503
652608
287512
519311
658541
331312
625914
980305
620679
200269
916871
392779
927205
236053
733464
582037
485619
443949
323019
985116
660967
724054
346194
679691
982252
377086
902358
845852
492656
572311
770662
365259
157379
791590
185746
358003
800198
566510
91711
905367
821017
506571
737393
999899
206748
457545
452837
536453
669701
678439
196993
433584
792472
746234
908943
418916
815377
819093
201565
680571
739102
255491
582588
175592
127002
9313
201805
482637
851969
825206
336289
417398
843767
936021
122327
313497
34153
622271
811116
667812
376816
804990
405980
406635
323487
496717
475784
137860
80656
884605
229494
595217
545540
534602
280637
874610
45884
421715
581063
721928
984365
459313
617347
908681
641687
937141
449983
869740
727630
815133
547870
160070
619532
456315
594350
689027
503936
930438
685129
26663
78732
59580
224838
652132
897470
502570
683109
776042
490100
247077
470934
153355
798795
272458
25459
88777
275635
4712
680558
990552
830446
664247
689438
360174
150205
130548
444824
913907
272160
453692
305947
657457
545447
335116
736767
608124
702915
498795
636602
550708
956624
864408
706177
686197
175613
317133
545258
388367
979904
911006
482260
16069
245117
826568
154063
971936
140577
876579
801661
975922
581487
879492
543093
999531
351951
628136
401447
39493
217624
315482
177792
94234
990186
250725
894988
429727
704204
133246
229910
710742
122091
440929
283227
447242
574622
39923
95302
722572
380902
608291
344648
479497
558826
74323
705916
32154
349329
955974
894343
627222
927305
220378
683480
117410
79666
297250
305873
346566
195103
928091
988859
30959
557503
131059
749212
498607
170652
241451
483724
1888
498605
547707
313860
722263
995307
796312
740152
455059
857776
864880
558301
102319
386888
295911
508936
959209
824020
504509
55295
691188
774134
197708
488863
342645
878082
512602
187055
561205
388888
252443
426889
974130
696472
297041
785197
713640
668936
224797
123097
996574
300289
612416
207411
351312
516823
594739
614511
122463
867730
556334
96116
733582
58595
289663
668305
452466
55875
358245
373943
75657
551315
529601
727603
662487
510370
39661
996719
728579
999292
681305
622055
819418
480896
603771
606652
181912
856401
611705
680537
32193
105799
272777
506803
268075
915466
407228
364785
122243
981021
432919
312443
315401
115562
482687
180457
506248
86499
369947
225743
896462
534250
41936
416079
524145
7419
581974
127317
248820
274119
572198
210509
516600
658259
441928
581433
407305
301646
554968
555998
58729
394283
248469
411314
580080
551274
858595
106649
890621
478178
252064
716734
325155
768740
341154
80984
250255
358763
72018
78222
639693
635062
36918
122542
510703
114229
30636
220465
161353
686227
925732
713890
251045
714102
322232
592111
299087
423518
691814
627089
149202
462156
607640
159972
260216
795531
66984
937643
374949
96739
578890
212694
621275
925325
323052
329119
482646
545489
274141
122300
302034
554798
229057
772094
155767
258184
439514
821564
545271
183222
321308
173773
539106
374461
32352
221002
779264
288052
647613
263567
309550
722417
39502
911338
45670
333469
241849
805109
82646
789596
144612
275621
12340
495779
460971
206652
229671
359623
419981
569732
458791
164636
973797
739459
688748
465774
141407
620864
521500
315241
629398
867765
893576
677013
28534
540595
916787
788998
652610
644076
514616
502523
698587
252516
821038
368783
615204
730012
310134
877547
887952
693952
81136
289832
413449
365601
18286
276343
43947
267107
952387
488425
46288
528883
886467
987303
218182
487066
616923
457875
333078
602865
130422
480835
803321
802380
322435
55017
835811
98312
343194
602306
546601
248559
99293
980239
157968
368585
632720
530415
446345
935579
663487
940235
480635
796629
56974
55573
591810
367630
293521
695066
666235
634464
746819
753395
742046
246596
181280
289709
511192
531941
959265
55177
456061
720387
72
775195
761102
804232
187639
50214
884417
3004
207447
635548
315433
656472
370201
94094
911512
915339
906072
954122
643509
909162
185025
942600
198128
174005
922845
76565
809525
249385
396502
182617
815439
190062
134596
157546
661549
670590
227636
189440
584534
730336
968152
514461
677942
557632
772302
704136
939577
41092
433176
153776
684381
823970
532959
395147
118134
937147
8142
184263
155605
614349
271833
445033
748736
919060
192937
86267
98267
349000
497371
286300
453642
596897
566028
967298
574736
304340
72836
99507
913859
571096
739763
1594
772406
500338
630142
582336
953812
449293
694310
224971
149081
396167
699639
800089
594669
862560
588910
736116
592199
783455
725296
636080
698193
185297
298499
141647
718145
310392
424780
474628
777060
160098
604461
774635
407632
270145
275236
269895
782962
782252
180153
814902
424114
643489
258096
80547
200405
608075
255031
944318
494396
898227
380028
483231
571975
117129
115608
581431
544109
716970
902192
17131
659911
880412
407136
57160
875434
649973
656260
957348
809230
64960
536832
316899
950428
671246
303167
266635
719201
239856
347621
864287
100549
753784
899386
533006
752852
539454
630785
698004
921438
873757
675540
65000
118266
986714
976569
935359
331743
303661
503447
86901
740799
182855
923717
665049
275771
660907
130254
152948
411944
629088
362073
326370
831931
940984
892086
482612
848411
662059
666781
573285
52475
683326
284678
908237
624095
356630
98307
149119
204697
493145
464764
521871
547984
778024
589397
771329
209788
374004
483509
909877
952604
649863
158273
405630
982740
713555
812079
71902
530510
845504
836749
594918
65172
308812
509482
735055
810394
107093
182656
700816
412678
517569
204089
794641
99742
50142
157838
14288
449291
478951
912794
39578
737589
820934
396175
696652
533849
358847
605562
153596
798744
739945
660487
423468
796561
744865
338144
222609
969988
886494
592843
421145
898778
640690
722039
624143
179080
858184
699708
309751
644945
991133
478304
226461
699010
873246
881540
795389
532965
306880
830633
283031
872801
974739
715837
791644
267645
751887
533119
272258
308254
342605
133319
991973
981648
6555
399460
202880
377375
622924
88847
263562
409349
326281
302845
582218
121849
743261
321821
488035
541194
477655
749610
327450
213738
898831
325236
635556
349683
653542
294732
389355
449735
266285
198237
926233
22776
43461
263570
753472
367597
530209
143905
906357
766534
467134
471761
785379
965035
492047
992209
146927
646006
366765
893998
594809
174158
871924
277430
58004
121889
497563
522435
207567
698677
910971
80069
4840
910152
856201
976760
854737
56436
535021
55127
510364
542861
743370
780530
615401
186425
650164
811839
833485
540620
369270
602125
982129
777289
606427
84336
623792
420536
79820
173727
657734
553459
987948
938388
670645
858350
106583
48047
37306
115346
666316
596298
988241
199328
724831
830006
381288
571691
488321
330148
608174
169776
841866
29416
643371
124979
60184
273068
487083
79462
331685
220730
281248
974934
837396
928809
879415
25014
882241
767193
148761
390479
132644
621843
373937
605280
728019
969319
744739
567118
713819
123386
547506
441931
403331
131344
676844
934587
379990
213117
850775
361987
570673
704412
187973
908679
275229
992074
907852
443750
53713
361466
988309
691540
728553
349086
885592
253530
435879
586435
437833
616300
92772
101291
968068
507851
973247
119020
332146
704788
395882
978682
257919
84235
114362
386478
158693
561145
615702
803311
618633
773423
619817
875071
710993
459538
41775
925664
70464
416881
130861
246374
375240
500749
498113
223915
357583
105616
49014
887448
236634
10280
166212
746164
215158
929859
757600
498912
392088
929720
369810
381431
682486
363863
541294
271227
501424
813452
961186
782092
531889
746060
41265
177070
660965
184407
883379
128608
513003
472020
721137
916437
141426
425400
73505
226813
648205
456179
612984
91174
396246
86693
119460
858694
257304
137974
562742
256909
17047
475793
985557
269494
738269
809052
300868
602908
989627
662067
682277
167157
385631
320393
926793
144162
686935
576642
971097
634534
689346
291720
814630
475055
524705
717130
67434
910427
624277
790252
522820
330239
100946
77084
833077
82482
414097
71845
21825
425902
942262
311696
134033
353085
133276
384814
441689
313391
687935
824087
880548
688845
296979
25159
585221
267189
657021
410645
763122
344897
281067
801705
652751
550534
264171
339233
851668
967196
13008
820581
980862
754533
676662
250669
34521
719099
879438
30743
110190
290359
438152
71733
739848
152992
207186
285678
166330
529217
523878
207093
504046
353343
992005
771187
363086
531020
437597
637828
730068
214497
772863
525108
418744
780250
512248
195903
413171
584702
679527
432050
813737
856304
534398
206739
702392
407227
717324
514721
112036
505617
176719
896156
913156
920159
295328
563133
18765
154183
493322
443320
9710
438320
852866
143947
453022
501613
909465
327908
635665
233956
194110
814454
677540
471658
720225
667566
486748
557232
801666
929163
445811
459175
101914
570843
191920
893243
967441
771697
202451
509799
35587
141132
897367
139177
52709
870657
604069
796110
343718
658731
432406
503405
569191
265369
15556
512895
249117
641031
277193
577705
59058
175878
180692
104131
479454
934892
549178
214492
944210
1301
966146
555603
961235
730653
878591
552827
613752
821609
934390
339613
573832
403814
352774
780150
23519
610155
513746
482030
267206
388267
675043
991103
992612
177721
702738
136961
86187
864079
305796
810458
199294
463595
571093
620
289694
903161
631927
284088
602231
165172
301215
873505
805051
857761
145161
910085
642937
854776
151616
688784
715534
199584
200758
581541
121434
670905
517760
364833
343570
721438
175084
643162
79497
390810
215954
911156
762496
998632
743906
225818
374496
192294
222379
319453
246558
274001
562788
516286
881745
694861
362037
905396
251824
478244
846826
643841
424378
933800
861339
931709
9964
926379
219010
421057
597159
765529
253270
539439
712327
341467
724829
263047
624289
828499
855472
241841
563536
248370
95302
227556
271117
591177
929344
494095
691807
453133
181434
267746
615833
207122
672125
142105
17459
277717
980183
470161
179577
866860
394205
874919
701607
455122
825320
262262
512040
87285
590283
157859
723755
106586
126155
317129
834524
911506
125723
507231
470057
20349
502917
157288
753544
305541
428410
382511
953222
530610
289627
265326
375456
133014
401572
418227
430600
655645
153668
845853
376207
964933
754514
195251
738691
795643
15768
251528
710211
638921
585876
260055
620377
213687
544987
485305
678460
920687
347994
640462
685388
727398
250330
121687
18391
840291
771133
677784
415060
524118
593951
451717
526639
276715
932783
597714
799177
779102
610467
649581
480690
146485
419960
876163
775702
